id	ip.a.counts	input.a.counts	ip.u.counts	input.u.counts
chr10_100406330_100412500	2	8	0	0
chr10_104719978_104726123	8	22	8	16
chr10_105377346_105383377	0	13	0	5
chr10_105735717_105741873	0	5	0	3
chr10_105775520_105781551	3	1	0	0
chr10_10650857_10656884	6	5	6	2
chr10_106844583_106850610	8	3	6	3
chr10_108113943_108120006	23	11	9	4
chr10_108310130_108316139	4	1	4	0
chr10_108532477_108537868	8	48	8	39
chr10_109223621_109229635	5	50	4	45
chr10_109652357_109658473	20	10	18	5
chr10_109681560_109687714	2	6	0	4
chr10_109795499_109801544	2	1	0	0
chr10_109825817_109831846	17	2	12	1
chr10_111583927_111589948	7	7	5	5
chr10_111813807_111819830	0	3	0	1
chr10_112062391_112068402	7	17	4	12
chr10_112103925_112109951	0	7	0	2
chr10_115362336_115368543	29	32	26	30
chr10_117079038_117085063	23	4	16	2
chr10_11731436_11737465	16	14	14	8
chr10_117832895_117838887	34	15	30	12
chr10_120234299_120240325	1	4	1	3
chr10_120910959_120916983	23	6	15	2
chr10_125945237_125951250	8	4	4	2
chr10_126676471_126682458	3	3	2	2
chr10_126881867_126887893	4	10	2	2
chr10_129732560_129738580	17	7	5	4
chr10_1302016_1308092	9	5	2	1
chr10_131504576_131510718	2	6	0	3
chr10_15915731_15921753	13	3	6	0
chr10_17717877_17722977	11	19	8	12
chr10_18030651_18036675	14	5	8	3
chr10_18627418_18633448	1	15	1	5
chr10_19088601_19094618	8	3	1	0
chr10_19581231_19587252	0	13	0	9
chr10_20291416_20297572	4	9	2	4
chr10_20525714_20531846	5	22	3	20
chr10_20555404_20561597	5	13	5	9
chr10_20751667_20757692	19	21	17	9
chr10_22403137_22409152	22	11	17	7
chr10_23589779_23595933	3	21	3	17
chr10_23666416_23672562	1	12	0	4
chr10_23851013_23857162	4	7	2	4
chr10_25247314_25253340	13	5	8	0
chr10_25515369_25521391	31	19	16	15
chr10_27299253_27305370	0	5	0	2
chr10_27418271_27424390	9	3	6	0
chr10_31443412_31449437	12	17	2	5
chr10_31469210_31475223	4	7	2	3
chr10_32558677_32564814	2	11	2	7
chr10_32699054_32705157	6	14	4	12
chr10_33510845_33516876	9	16	9	12
chr10_35473782_35479771	14	15	5	10
chr10_35858668_35864695	2	5	1	1
chr10_37044908_37050652	7	24	6	16
chr10_37896970_37902988	42	12	19	6
chr10_39508152_39514160	15	4	13	3
chr10_41749404_41755349	1	14	1	11
chr10_41797910_41803897	3	11	2	4
chr10_42140003_42146144	4	2	1	2
chr10_42435381_42441412	2	10	2	3
chr10_42665128_42671301	4	2	3	2
chr10_43716710_43722842	10	9	8	2
chr10_44268315_44274469	0	2	0	0
chr10_45009173_45015196	0	4	0	1
chr10_45362159_45368173	1	7	0	3
chr10_50782474_50788587	2	44	2	27
chr10_5174970_5181139	20	3	18	1
chr10_51941454_51947615	10	6	6	4
chr10_5222679_5228851	8	21	1	4
chr10_52233328_52239334	3	7	1	5
chr10_52360195_52366339	3	10	2	7
chr10_5245354_5251383	28	5	19	1
chr10_52730355_52736527	3	5	1	5
chr10_53494006_53500000	8	9	6	4
chr10_55601875_55607910	0	10	0	6
chr10_55683076_55689092	4	4	3	1
chr10_55899641_55905708	6	0	5	0
chr10_58675839_58681636	0	9	0	7
chr10_59470127_59475776	4	34	2	26
chr10_60692960_60698897	0	14	0	9
chr10_62602750_62608755	24	24	15	18
chr10_62672214_62678359	2	7	0	0
chr10_6369617_6375667	20	13	5	9
chr10_64924285_64930261	13	5	11	4
chr10_66442673_66448861	0	2	0	0
chr10_67230665_67236674	8	15	5	13
chr10_67387044_67393069	25	21	17	13
chr10_67558505_67564644	30	17	23	10
chr10_6804143_6810301	8	38	8	29
chr10_73323334_73329500	11	36	9	22
chr10_74216880_74223021	9	2	5	0
chr10_75558530_75564686	2	41	2	28
chr10_76142708_76148837	8	57	7	40
chr10_76608512_76614828	4	6	3	2
chr10_76846210_76852331	4	27	4	21
chr10_78088450_78094479	5	11	4	7
chr10_78676493_78682651	0	7	0	3
chr10_79956165_79962310	4	7	3	1
chr10_80722509_80728544	36	24	27	16
chr10_80881468_80887604	11	55	11	52
chr10_81709615_81715642	22	17	15	8
chr10_82344062_82350086	10	9	5	2
chr10_83781056_83787087	10	31	7	24
chr10_84279967_84286006	5	30	2	18
chr10_84756878_84762878	6	15	3	3
chr10_84773056_84779262	4	5	2	1
chr10_85355506_85361538	12	26	1	23
chr10_85769340_85775490	3	6	0	0
chr10_85876618_85882780	1	15	0	12
chr10_88628462_88634738	0	4	0	0
chr10_90153450_90159478	54	54	52	43
chr10_90250613_90256635	18	37	8	27
chr10_91503263_91509287	26	3	15	2
chr10_91749615_91755638	3	16	3	11
chr10_93520973_93527095	9	11	9	8
chr10_95079215_95085109	0	16	0	3
chr10_9519878_9526029	9	30	5	27
chr10_98782941_98788971	10	8	7	8
chr10_99152737_99158758	24	5	13	2
chr11_100285746_100291751	7	2	6	1
chr11_100409041_100415069	8	25	6	21
chr11_100451858_100457873	22	3	17	3
chr11_100475720_100481744	14	27	12	23
chr11_101462008_101467169	9	27	7	25
chr11_101678417_101684557	4	1	4	1
chr11_10173147_10179353	5	5	2	0
chr11_101852489_101858627	1	8	0	4
chr11_102741437_102747464	2	17	2	12
chr11_103386499_103392632	4	7	2	7
chr11_103611227_103617451	0	0	0	0
chr11_105016295_105022323	2	30	2	22
chr11_107361810_107367839	18	12	6	11
chr11_107372762_107378780	19	6	11	2
chr11_108260626_108266643	15	4	7	0
chr11_108356931_108362967	5	22	4	10
chr11_108373544_108379636	12	15	2	9
chr11_108444619_108450784	0	0	0	0
chr11_109177494_109183526	5	12	4	7
chr11_110382810_110388912	3	12	2	11
chr11_112678555_112684569	2	0	2	0
chr11_113656606_113662757	9	7	2	6
chr11_114625663_114631683	0	3	0	2
chr11_114633465_114639620	4	2	1	2
chr11_115966933_115973116	1	16	0	8
chr11_116004927_116011056	0	0	0	0
chr11_11711306_11717431	0	3	0	2
chr11_121172190_121178325	2	8	2	2
chr11_12365966_12372097	8	59	8	46
chr11_125536609_125542640	1	9	0	6
chr11_127776695_127782718	0	0	0	0
chr11_128140057_128146214	0	9	0	2
chr11_129155774_129162305	7	16	7	12
chr11_129338915_129344902	1	13	1	9
chr11_132479021_132485108	1	11	1	8
chr11_13623018_13629231	8	13	3	8
chr11_14628166_14634160	30	10	19	6
chr11_14661315_14667447	45	30	34	26
chr11_14715908_14721938	8	3	4	3
chr11_16141388_16147513	1	5	1	2
chr11_16520489_16526642	2	5	0	1
chr11_19581371_19587519	1	18	0	18
chr11_22016002_22022021	0	3	0	2
chr11_22284807_22290788	21	1	9	1
chr11_22523178_22529212	8	16	2	10
chr11_22646925_22652945	17	4	6	1
chr11_23028117_23034138	4	6	4	2
chr11_23298136_23304191	6	13	0	3
chr11_24327951_24334001	10	4	8	2
chr11_25275325_25281473	1	12	0	4
chr11_25425132_25431158	7	13	7	9
chr11_25643792_25649786	20	5	18	5
chr11_26451095_26457233	9	25	8	15
chr11_26965118_26971134	18	16	10	10
chr11_27219703_27225730	23	35	16	34
chr11_28372620_28378682	0	5	0	2
chr11_30051207_30057234	4	19	1	13
chr11_30263143_30269287	8	25	6	18
chr11_31315654_31321680	22	25	12	20
chr11_31544010_31550144	13	16	6	9
chr11_31740753_31746893	31	31	21	15
chr11_32762628_32768484	4	3	3	1
chr11_32941250_32947256	12	13	4	1
chr11_33624757_33630805	1	19	1	16
chr11_35702778_35708923	5	5	2	3
chr11_35754504_35760643	2	4	0	4
chr11_36551606_36557636	20	12	16	7
chr11_37240712_37246716	29	39	18	26
chr11_38191740_38197885	5	4	4	3
chr11_39846656_39852654	7	7	3	1
chr11_39881060_39887029	4	8	3	7
chr11_4170252_4176276	0	4	0	0
chr11_42940332_42946342	9	1	5	1
chr11_43346101_43352118	10	15	9	7
chr11_45122414_45128497	1	6	0	0
chr11_48744637_48750715	0	5	0	0
chr11_48847694_48853724	11	25	5	21
chr11_49775119_49781151	0	3	0	2
chr11_50813349_50819364	0	2	0	2
chr11_54708574_54714707	0	4	0	2
chr11_55685638_55691665	9	18	3	15
chr11_56549045_56555051	0	6	0	3
chr11_60435417_60441441	26	2	10	0
chr11_60532161_60538190	10	1	5	0
chr11_6143657_6149454	7	19	5	15
chr11_6185350_6191366	7	4	4	4
chr11_63418731_63424919	8	44	7	36
chr11_63435303_63441326	8	37	8	30
chr11_6948755_6954881	0	2	0	1
chr11_74877463_74883532	7	30	5	28
chr11_74887437_74893565	1	2	0	0
chr11_75748616_75754649	19	52	10	36
chr11_7658148_7664171	9	3	4	1
chr11_76963833_76969955	6	25	5	16
chr11_7861034_7867070	2	4	1	1
chr11_78677772_78683802	22	12	14	4
chr11_79552653_79558680	29	10	23	7
chr11_79586089_79591129	23	93	19	80
chr11_82155865_82161891	10	20	4	4
chr11_83266134_83272255	11	53	9	44
chr11_83587648_83593656	6	17	1	13
chr11_83883955_83890123	1	15	0	12
chr11_85324758_85330821	33	14	23	8
chr11_85414862_85421408	4	49	3	43
chr11_85542991_85549441	4	9	3	9
chr11_86525882_86531985	6	33	5	23
chr11_87047304_87053192	8	4	1	3
chr11_87340031_87346061	11	8	9	6
chr11_87618151_87624199	0	23	0	15
chr11_88986995_88993027	0	18	0	17
chr11_89313260_89319255	10	5	10	4
chr11_89744187_89750239	1	2	1	2
chr11_90400067_90406098	0	6	0	1
chr11_90685702_90691834	3	19	1	14
chr11_90966271_90972302	22	5	19	2
chr11_92026888_92033124	22	8	9	5
chr11_92169399_92175577	17	15	12	12
chr11_93439098_93445217	3	13	3	11
chr11_94036857_94042888	12	12	1	3
chr11_94232524_94238528	74	123	66	114
chr11_94384355_94390332	3	2	0	1
chr11_9540333_9546363	0	15	0	14
chr11_95436216_95442246	2	2	0	0
chr11_96405620_96411665	0	8	0	5
chr11_96771827_96777820	2	7	2	5
chr11_97040160_97046278	4	12	4	9
chr11_98324881_98330921	3	5	1	5
chr12_100636823_100642967	2	11	0	8
chr12_101146043_101152064	2	11	0	1
chr12_102307781_102313768	22	8	3	3
chr12_102827177_102833208	7	17	4	13
chr12_103434388_103440411	7	28	4	26
chr12_103608441_103613835	1	4	1	1
chr12_104878332_104884474	0	10	0	6
chr12_105245853_105251970	5	21	0	17
chr12_105628261_105634450	67	70	54	58
chr12_105776064_105782085	27	47	19	37
chr12_106471865_106477891	18	7	3	5
chr12_111829162_111835315	5	31	3	22
chr12_112621197_112627228	23	9	16	8
chr12_11297656_11303685	21	11	21	7
chr12_115285122_115291136	6	2	0	1
chr12_119104817_119110953	5	6	5	1
chr12_126299023_126305038	8	30	5	24
chr12_127094605_127100631	15	12	14	11
chr12_127865855_127871882	1	14	0	1
chr12_128491850_128497975	6	46	4	32
chr12_129037558_129043695	6	34	6	30
chr12_129800701_129806706	13	49	11	37
chr12_13391606_13397632	70	13	46	8
chr12_16377145_16383292	2	10	2	7
chr12_17699378_17705544	1	3	0	1
chr12_17768360_17774389	9	9	7	7
chr12_17855568_17861565	7	22	3	18
chr12_18785211_18791371	7	30	6	20
chr12_19728689_19734844	6	18	4	15
chr12_20667835_20673859	2	6	2	5
chr12_21209060_21215087	18	28	16	22
chr12_21395009_21401039	8	31	7	23
chr12_23070636_23076652	3	19	2	18
chr12_25536714_25542734	9	3	3	2
chr12_26669557_26675709	10	13	5	7
chr12_27404617_27410753	4	8	2	7
chr12_29323061_29328907	3	24	2	18
chr12_29406310_29412472	11	24	8	18
chr12_29809726_29815750	6	25	4	17
chr12_30588353_30594511	5	21	0	10
chr12_31163074_31169094	1	0	0	0
chr12_31550066_31556205	3	20	0	8
chr12_33102281_33108456	3	11	0	4
chr12_33141767_33147912	4	23	2	16
chr12_33772866_33779014	1	5	1	1
chr12_3392214_3398233	12	12	5	8
chr12_33930454_33936566	3	10	0	0
chr12_34066822_34072846	8	16	6	12
chr12_3500000_3505228	16	14	11	7
chr12_370612_376718	1	2	1	2
chr12_37317876_37323907	3	17	3	12
chr12_38031433_38037568	1	10	1	8
chr12_38799646_38805673	8	13	2	4
chr12_39469654_39475805	6	5	6	3
chr12_39699134_39705085	14	10	11	5
chr12_39745958_39752060	1	7	1	3
chr12_39978316_39984339	4	0	2	0
chr12_41081468_41087471	5	5	2	3
chr12_41637415_41643440	22	16	17	8
chr12_41666304_41672330	0	2	0	0
chr12_41672452_41678469	23	8	18	6
chr12_41973167_41979337	12	51	9	36
chr12_42062980_42069120	8	21	3	9
chr12_42111145_42117288	15	16	9	10
chr12_43227726_43233750	44	57	30	43
chr12_43470973_43477008	19	8	16	4
chr12_43906481_43912505	6	32	3	15
chr12_44108220_44114234	23	10	14	7
chr12_44681417_44687432	9	11	7	4
chr12_44931705_44937851	4	3	0	2
chr12_44950958_44956988	12	37	9	32
chr12_4508895_4514901	8	7	2	0
chr12_45370846_45376865	36	15	30	10
chr12_46283516_46289653	1	3	0	0
chr12_46539930_46546054	3	18	1	2
chr12_46617497_46623643	0	6	0	2
chr12_46991807_46997956	2	2	0	1
chr12_47426904_47432928	24	8	17	5
chr12_48320193_48326175	40	58	37	52
chr12_48403176_48409317	0	6	0	2
chr12_5116426_5122428	9	36	7	31
chr12_51562631_51568657	10	39	7	32
chr12_5284940_5290958	0	12	0	4
chr12_54788573_54794627	20	19	13	17
chr12_55081365_55087407	4	51	3	38
chr12_55096256_55102283	22	41	20	31
chr12_55161585_55167616	17	18	14	14
chr12_55344249_55350274	7	33	6	23
chr12_55484008_55490018	13	36	11	23
chr12_55560427_55566502	0	6	0	2
chr12_55589937_55595956	2	9	1	4
chr12_57646479_57652498	11	17	5	12
chr12_58053653_58059697	4	9	0	4
chr12_58109257_58115306	47	51	23	31
chr12_58226938_58233087	15	7	8	3
chr12_58471406_58477554	4	11	0	2
chr12_59751112_59757266	9	26	1	11
chr12_61293783_61299916	2	4	1	1
chr12_61414978_61421115	16	51	5	44
chr12_61941440_61947489	12	31	7	24
chr12_63628081_63634219	4	5	4	5
chr12_64195587_64201638	75	10	44	8
chr12_64287349_64293377	50	8	36	5
chr12_66521519_66527684	6	11	4	9
chr12_66578267_66584409	8	19	2	12
chr12_67843805_67849821	4	33	2	23
chr12_67900208_67906224	18	9	4	3
chr12_69773410_69779441	29	58	21	41
chr12_71118072_71124103	13	11	4	3
chr12_72150397_72156542	19	66	19	49
chr12_7251131_7257263	16	26	15	26
chr12_72514640_72520656	7	7	0	0
chr12_72634504_72640519	6	21	0	0
chr12_73147617_73153645	15	31	14	26
chr12_73193623_73199787	5	15	2	2
chr12_73283667_73289668	8	9	5	1
chr12_73394809_73400830	9	13	2	11
chr12_73977927_73983898	10	29	9	18
chr12_74503521_74509541	5	9	3	5
chr12_74874868_74880901	19	11	18	6
chr12_75517430_75523582	13	49	5	25
chr12_76319624_76325685	11	50	10	31
chr12_77173381_77179424	27	36	13	18
chr12_77653964_77660122	20	7	12	1
chr12_78506430_78512587	1	16	1	9
chr12_79039621_79045645	0	5	0	4
chr12_80074669_80080828	2	7	1	1
chr12_80144055_80150076	6	10	3	3
chr12_80244169_80250184	28	6	14	1
chr12_80448375_80454445	7	28	5	21
chr12_80461876_80468017	21	25	18	19
chr12_80477525_80483539	2	15	1	11
chr12_83299449_83305871	2	12	2	9
chr12_83584266_83590245	9	36	7	15
chr12_84005904_84011930	3	18	1	1
chr12_85312419_85318459	26	47	22	43
chr12_85785425_85791541	7	14	7	8
chr12_86763875_86770022	3	21	3	14
chr12_86970395_86976516	0	4	0	1
chr12_87098406_87104423	4	7	3	2
chr12_87393951_87400055	4	33	1	24
chr12_88708857_88714885	24	18	11	8
chr12_90536603_90542635	41	52	39	47
chr12_92313998_92320023	10	23	5	9
chr12_92678206_92684347	4	7	0	1
chr12_95923545_95929565	4	2	4	2
chr12_96315942_96321971	1	8	1	6
chr12_96723682_96729837	4	2	0	0
chr12_97349408_97355558	17	55	10	35
chr12_97723839_97729872	16	10	9	7
chr12_99463307_99469450	6	39	2	27
chr13_100698082_100704117	10	6	2	3
chr13_102522020_102528176	5	14	0	12
chr13_104340349_104346508	2	2	2	1
chr13_105383251_105388345	0	9	0	0
chr13_106213540_106219555	9	2	6	1
chr13_106778245_106784404	2	4	0	1
chr13_106929331_106935363	20	7	8	1
chr13_107920656_107926706	1	0	1	0
chr13_108510472_108516495	2	8	0	2
chr13_18503477_18509621	0	1	0	0
chr13_19103712_19109724	19	5	12	3
chr13_19272995_19279012	1	6	0	6
chr13_21855728_21861909	2	20	0	4
chr13_22574736_22580850	5	5	1	3
chr13_24806647_24812668	1	12	0	1
chr13_29641706_29647706	1	0	0	0
chr13_31302314_31308370	40	3	23	1
chr13_33984674_33990692	32	4	16	1
chr13_34480262_34486294	21	27	17	16
chr13_35422150_35428282	6	40	5	31
chr13_36008229_36014237	27	16	19	4
chr13_37149952_37155982	6	49	6	28
chr13_37250340_37256381	21	13	17	7
chr13_38065372_38071518	4	17	4	2
chr13_38112136_38118185	13	15	11	12
chr13_39000817_39006875	23	6	15	2
chr13_40356290_40362321	7	10	1	3
chr13_40734919_40740945	28	20	11	16
chr13_40828819_40834834	36	25	27	21
chr13_40864571_40870598	12	12	5	8
chr13_41042308_41048414	23	9	12	3
chr13_41474356_41480738	3	17	2	7
chr13_42424880_42430912	27	41	23	23
chr13_45645030_45651067	28	17	19	11
chr13_45664064_45670213	3	15	3	6
chr13_47712138_47718308	3	21	0	11
chr13_47781888_47787912	23	20	17	12
chr13_48465555_48471566	55	24	31	20
chr13_49013626_49019628	7	9	5	7
chr13_49152513_49158535	49	34	44	33
chr13_50180295_50186330	0	13	0	10
chr13_50503044_50509169	1	11	1	4
chr13_50982054_50988070	34	8	31	5
chr13_51509717_51515838	1	20	1	15
chr13_52269640_52275659	3	4	3	4
chr13_58672617_58678643	21	5	19	1
chr13_60709752_60715784	0	5	0	1
chr13_66253762_66259788	11	4	5	1
chr13_71384560_71390704	0	3	0	2
chr13_72265482_72271624	0	8	0	8
chr13_72610246_72616287	0	3	0	1
chr13_74235944_74241970	8	11	2	3
chr13_74426326_74432354	2	8	2	6
chr13_74536448_74542369	2	4	0	4
chr13_75241169_75247314	0	5	0	2
chr13_75727624_75733777	14	9	6	6
chr13_76612823_76618851	3	2	3	2
chr13_77199027_77205061	9	7	7	2
chr13_78513206_78519393	2	16	2	10
chr13_79817055_79823218	4	15	3	13
chr13_79839668_79845817	2	17	1	9
chr13_81064093_81070238	2	9	2	9
chr13_82045349_82051380	12	1	8	0
chr13_85123204_85129221	5	11	2	10
chr13_85911792_85917919	0	7	0	5
chr13_89087885_89093918	11	8	7	1
chr13_90663982_90669995	28	29	23	24
chr13_92685561_92691592	4	3	2	3
chr13_92752475_92758488	0	8	0	7
chr13_93490518_93496537	4	7	2	6
chr13_94372199_94378191	15	5	6	4
chr13_95733699_95740837	1	8	1	4
chr13_96326180_96332208	15	12	9	10
chr13_97667408_97673440	8	13	3	3
chr13_97730412_97736443	10	5	10	4
chr14_101266199_101272227	24	7	17	5
chr14_18283818_18289864	3	5	2	5
chr14_20230574_20236301	6	5	6	2
chr14_20910598_20916745	18	47	14	27
chr14_22348921_22355065	3	20	0	17
chr14_22615641_22621763	36	32	26	21
chr14_24525954_24532097	0	11	0	8
chr14_25183427_25189539	4	14	0	10
chr14_25771319_25777467	2	11	2	9
chr14_25778863_25784872	3	7	1	6
chr14_26629268_26635299	18	11	17	6
chr14_26673315_26679374	19	53	17	33
chr14_27673059_27679095	27	8	11	4
chr14_28312502_28318523	3	14	2	7
chr14_28635670_28641795	1	5	0	2
chr14_30363537_30369568	43	12	30	3
chr14_30474044_30480062	16	14	6	3
chr14_30684809_30690837	23	16	16	7
chr14_32234597_32240754	2	7	2	4
chr14_32851160_32857308	17	17	11	14
chr14_33088061_33094126	16	80	16	71
chr14_34150072_34156225	2	11	1	4
chr14_36142656_36148690	13	63	13	56
chr14_36184549_36190694	3	5	2	2
chr14_37350918_37356933	11	25	3	10
chr14_37766796_37772831	34	7	27	1
chr14_39017171_39023327	5	18	5	10
chr14_39521539_39527458	6	3	0	0
chr14_39584278_39590291	10	26	8	17
chr14_39655916_39662030	5	8	5	5
chr14_39697592_39703740	2	15	2	15
chr14_39820033_39826163	5	36	3	16
chr14_40326207_40332209	2	12	0	3
chr14_40948916_40954934	19	10	10	4
chr14_41209338_41215358	13	7	5	2
chr14_41751766_41757899	1	5	0	2
chr14_42967511_42973555	32	6	19	0
chr14_43062334_43068363	4	12	1	5
chr14_43262062_43268079	11	20	11	16
chr14_43370269_43376295	11	39	9	35
chr14_43492185_43498201	1	2	1	2
chr14_43698653_43704668	7	6	3	5
chr14_44705080_44711104	31	17	23	15
chr14_45477110_45483169	3	22	3	15
chr14_45545716_45551885	5	39	2	16
chr14_45883227_45889258	66	17	38	13
chr14_46095420_46101548	2	14	2	11
chr14_46508563_46514741	8	31	1	15
chr14_47171654_47177809	1	10	0	3
chr14_47377247_47383356	2	3	2	2
chr14_47901173_47907197	46	19	26	8
chr14_48187082_48193113	10	14	6	5
chr14_49096714_49102732	10	31	4	9
chr14_49143957_49150141	0	1	0	1
chr14_51794601_51800632	8	12	7	3
chr14_54027690_54033829	4	4	2	1
chr14_54233877_54240023	2	21	1	8
chr14_56014010_56020042	10	13	10	2
chr14_56441818_56447831	29	14	20	13
chr14_56639511_56645657	4	5	0	0
chr14_56667527_56673561	37	6	26	1
chr14_57112210_57118214	16	5	14	4
chr14_57338082_57344117	46	13	25	10
chr14_57513490_57519696	3	14	1	11
chr14_58032539_58038561	10	10	8	4
chr14_59409450_59415609	13	33	6	22
chr14_59946504_59952523	14	4	10	1
chr14_60523259_60529424	0	11	0	6
chr14_60908337_60914469	4	10	3	10
chr14_61009388_61015470	3	18	3	11
chr14_61055116_61061148	14	23	1	8
chr14_62045454_62051619	8	25	7	18
chr14_62535851_62541882	2	8	2	2
chr14_62636558_62642711	28	20	17	15
chr14_63116706_63122735	6	44	4	40
chr14_67062673_67068092	7	59	5	43
chr14_67868071_67874097	2	19	1	9
chr14_68428765_68434891	0	9	0	0
chr14_69415930_69422143	1	39	0	24
chr14_70501314_70507441	2	8	0	4
chr14_70547290_70553322	25	10	15	7
chr14_71842964_71848996	15	35	9	26
chr14_71976262_71982313	11	15	4	4
chr14_79126178_79132202	1	8	0	7
chr14_79308933_79314061	14	27	13	14
chr14_79767758_79773791	3	1	1	0
chr14_80088527_80094682	1	7	0	2
chr14_82347549_82353568	11	18	10	13
chr14_83639298_83645330	0	13	0	7
chr14_85885595_85891616	13	8	13	8
chr14_86074489_86080517	7	8	6	2
chr14_86095934_86102041	4	4	4	2
chr14_86105459_86111494	5	12	1	8
chr14_86312232_86318377	1	17	0	7
chr14_87354740_87360855	4	12	1	8
chr14_87423312_87429303	3	8	1	5
chr14_88455733_88461846	6	7	1	2
chr14_90206773_90212804	24	73	15	57
chr14_91430864_91436893	30	14	21	3
chr14_91640244_91646233	43	14	22	9
chr14_92852827_92858975	19	35	13	21
chr14_93413032_93419170	17	51	15	43
chr15_100067771_100073922	7	18	4	9
chr15_100365266_100371301	16	10	15	8
chr15_100417071_100423096	12	0	2	0
chr15_101626450_101632475	34	13	10	2
chr15_19948218_19954369	0	4	0	0
chr15_20311030_20317051	2	0	2	0
chr15_23714069_23720096	3	14	1	12
chr15_26531055_26537615	6	6	6	2
chr15_27187726_27193872	4	1	2	1
chr15_30240360_30246398	0	0	0	0
chr15_30775177_30781390	0	1	0	1
chr15_31617776_31623903	0	0	0	0
chr15_32045683_32051786	1	14	1	6
chr15_32139925_32146049	5	23	3	10
chr15_32292269_32298310	0	0	0	0
chr15_35385846_35391984	11	14	8	13
chr15_36195372_36201389	1	3	0	2
chr15_37399471_37405476	0	16	0	10
chr15_37427156_37433181	2	7	2	5
chr15_38782749_38788763	11	20	9	17
chr15_39420570_39426588	24	11	20	9
chr15_43649975_43656002	7	14	7	12
chr15_44252034_44258049	12	6	9	5
chr15_46104553_46110666	8	8	4	5
chr15_46536240_46542382	7	19	7	16
chr15_47165532_47171560	0	1	0	1
chr15_49354233_49360252	12	1	11	0
chr15_49395983_49402014	4	10	0	3
chr15_49778509_49784518	6	20	0	0
chr15_51031621_51037649	16	96	14	76
chr15_51417216_51423246	35	9	23	3
chr15_51590946_51597084	29	47	19	21
chr15_53135442_53141475	18	51	11	42
chr15_53684199_53690229	7	9	4	4
chr15_54871705_54877844	3	31	2	24
chr15_55063993_55069991	12	17	12	8
chr15_56134618_56140628	57	17	37	14
chr15_56311143_56317177	40	9	34	5
chr15_58125731_58131761	21	11	14	8
chr15_58193368_58199552	2	10	1	8
chr15_59803402_59809494	4	8	4	7
chr15_61896237_61902274	9	14	5	9
chr15_64326660_64332685	16	40	16	34
chr15_67448229_67454359	1	2	0	0
chr15_69617030_69623160	6	28	6	18
chr15_70984634_70990781	16	43	12	29
chr15_71174139_71180152	52	15	41	12
chr15_73215934_73222082	3	4	1	3
chr15_73508419_73514470	42	5	30	4
chr15_77150514_77156644	0	5	0	1
chr15_78719832_78725853	0	5	0	2
chr15_79485783_79491818	18	15	12	10
chr15_79745087_79751113	41	36	15	26
chr15_81668513_81674504	25	14	12	11
chr15_81697165_81703174	6	28	4	22
chr15_81730280_81736308	31	36	21	21
chr15_81797930_81803963	7	8	3	4
chr15_81870667_81876699	30	16	20	11
chr15_82882881_82888919	29	19	15	13
chr15_83383651_83389616	6	7	5	7
chr15_83450804_83456834	12	9	10	3
chr15_85433963_85439965	19	17	7	13
chr15_86205831_86211977	5	31	4	23
chr15_86528094_86534125	8	11	3	1
chr15_87229793_87235895	0	18	0	1
chr15_87249763_87255874	4	32	4	18
chr15_87275324_87281469	11	34	7	24
chr15_87327389_87333416	7	8	0	4
chr15_87463738_87469749	2	3	1	0
chr15_87509891_87515920	37	28	23	23
chr15_89043903_89049907	6	6	1	3
chr15_89634318_89640301	29	30	8	11
chr15_91500665_91506649	32	50	18	37
chr15_93675399_93681428	21	11	19	3
chr15_97265580_97271604	13	28	7	19
chr15_97289925_97296313	3	9	1	4
chr15_97413295_97419473	12	61	11	50
chr15_97432693_97438849	4	13	4	6
chr16_12070183_12076303	5	15	3	2
chr16_12603812_12609764	12	48	12	32
chr16_17733165_17739300	6	12	3	4
chr16_21042672_21048703	2	19	2	6
chr16_21329023_21335176	10	20	1	2
chr16_31278737_31284853	6	31	5	18
chr16_31337869_31344038	3	6	3	2
chr16_31629877_31636018	1	12	1	11
chr16_31687221_31693324	0	9	0	6
chr16_32837589_32842830	0	0	0	0
chr16_33952564_33958612	18	23	16	23
chr16_34018673_34024592	0	1	0	1
chr16_35160155_35166172	9	16	7	12
chr16_35468696_35474693	8	31	3	24
chr16_35608475_35614501	8	13	6	3
chr16_35715796_35721963	0	10	0	5
chr16_36071922_36077950	0	6	0	6
chr16_46449411_46455427	3	9	3	8
chr16_47182757_47188783	14	10	7	7
chr16_47437710_47443907	4	8	4	7
chr16_47541007_47547243	15	41	14	41
chr16_48015465_48021489	9	13	4	4
chr16_48768571_48774603	2	9	0	4
chr16_53396916_53402916	0	1	0	1
chr16_54042096_54048145	33	34	22	28
chr16_56154514_56160662	1	6	1	2
chr16_58779887_58785996	3	4	3	4
chr16_58873142_58879266	0	5	0	0
chr16_58977510_58983531	11	3	11	2
chr16_59559294_59565319	15	5	15	3
chr16_59809317_59815504	7	20	7	14
chr16_59976601_59982619	2	3	1	3
chr16_60522745_60528760	24	8	19	5
chr16_60935971_60941164	0	10	0	2
chr16_61801455_61807489	4	5	1	2
chr16_63119951_63125975	16	19	14	17
chr16_65551127_65557278	14	4	12	4
chr16_65690011_65696020	17	4	15	2
chr16_68583448_68589505	50	11	32	2
chr16_72543204_72549689	22	69	21	60
chr16_72627274_72633298	5	3	0	1
chr16_73824400_73830431	9	20	5	12
chr16_75821959_75827981	32	33	15	13
chr16_82139255_82145258	2	19	2	13
chr16_83637252_83643296	6	13	1	2
chr16_86233295_86239310	80	83	61	64
chr16_86262173_86268197	21	21	5	12
chr16_9584490_9590522	6	21	6	6
chr17_11861025_11867172	3	9	3	4
chr17_12449903_12455932	21	13	11	5
chr17_26735774_26741856	1	2	0	2
chr17_27039669_27045623	1	6	1	5
chr17_27099164_27105176	29	3	22	2
chr17_27249212_27255352	2	12	2	4
chr17_30406814_30413023	4	24	2	14
chr17_3147366_3153409	5	9	4	4
chr17_3176530_3182557	5	13	5	9
chr17_32678257_32684272	28	12	28	11
chr17_32887137_32893184	15	1	7	1
chr17_3326580_3332726	2	1	0	0
chr17_34083021_34089185	5	12	4	9
chr17_34292450_34298452	9	20	4	13
chr17_35393949_35399945	1	7	1	5
chr17_41200867_41206900	0	6	0	1
chr17_52403847_52409865	3	6	3	3
chr17_55501716_55507741	5	0	1	0
chr17_56002401_56008616	2	11	2	3
chr17_60881440_60887474	20	53	17	31
chr17_61110229_61116238	19	19	15	6
chr17_634396_640538	10	7	5	4
chr17_66596579_66602595	55	57	42	36
chr17_6802481_6808614	0	2	0	0
chr17_68408123_68414142	53	20	39	14
chr17_69000000_69005148	14	11	9	10
chr17_70458956_70464987	8	9	4	8
chr17_71351959_71357889	4	0	3	0
chr17_9615985_9622015	30	5	26	3
chr18_10572668_10578678	0	5	0	4
chr18_12202444_12208458	7	12	6	11
chr18_13343089_13349218	0	4	0	2
chr18_13975860_13981891	27	44	16	31
chr18_14064986_14071100	3	4	1	2
chr18_1516189_1522240	20	20	14	16
chr18_21882938_21889079	2	8	1	4
chr18_2247167_2253196	17	19	12	14
chr18_22529636_22535670	8	5	2	0
chr18_22885395_22891520	5	3	4	3
chr18_24619042_24625072	10	41	8	25
chr18_27279551_27285578	4	9	0	0
chr18_27510008_27516039	5	14	4	11
chr18_27737726_27743750	64	39	53	36
chr18_28240443_28246440	31	31	21	21
chr18_28416544_28422561	4	14	4	11
chr18_2860237_2866343	0	3	0	0
chr18_31347968_31353996	45	7	25	3
chr18_32228075_32233934	13	10	0	0
chr18_32856626_32862684	10	8	7	7
chr18_34331115_34337159	4	7	0	4
chr18_34552378_34558395	2	7	1	3
chr18_34894774_34900928	13	31	4	18
chr18_35205779_35211809	17	7	11	4
chr18_35760308_35766412	0	5	0	2
chr18_37819737_37825798	1	5	1	3
chr18_39565592_39571600	24	7	22	5
chr18_39924369_39930434	4	5	2	5
chr18_40187639_40193657	2	3	2	3
chr18_41631742_41637769	6	12	6	4
chr18_41775014_41781045	4	9	4	7
chr18_42660319_42666556	0	7	0	4
chr18_45694472_45700593	8	8	5	5
chr18_45794070_45800209	1	6	1	4
chr18_47348225_47354243	16	8	0	2
chr18_47660373_47666427	21	28	9	21
chr18_49215768_49223192	2	9	1	8
chr18_49710498_49716912	3	6	3	5
chr18_5004136_5010155	2	23	0	16
chr18_50343959_50349987	6	5	1	2
chr18_51700979_51706730	0	1	0	1
chr18_51740631_51746665	8	34	7	29
chr18_53511450_53517443	13	4	8	3
chr18_535701_541755	6	26	4	20
chr18_54664206_54670337	1	3	0	2
chr18_55715484_55721529	2	0	1	0
chr18_55887412_55893439	7	5	4	0
chr18_57259696_57265728	2	6	2	5
chr18_57719248_57725264	6	3	4	3
chr18_59403939_59409970	16	10	13	9
chr18_59771359_59777443	1	17	0	14
chr18_60029678_60035707	17	3	9	3
chr18_61310603_61316739	5	8	2	5
chr18_62906292_62912314	15	2	9	2
chr18_64226384_64232470	0	7	0	7
chr18_64572565_64578676	0	19	0	11
chr18_66715074_66721105	2	13	2	11
chr18_68784834_68790853	1	3	0	0
chr18_70746549_70752581	1	7	1	3
chr18_72966526_72972556	14	4	1	3
chr18_75846851_75852883	26	20	11	9
chr18_77415976_77422002	4	6	2	4
chr18_79284621_79290766	6	10	5	9
chr18_7966442_7972474	19	11	13	9
chr18_8057452_8063463	6	6	2	5
chr18_970858_976878	28	16	18	11
chr19_12004811_12010815	13	16	1	2
chr19_20627781_20633939	0	9	0	7
chr19_20807724_20813827	2	7	0	4
chr19_20841021_20847152	0	5	0	3
chr19_23613435_23619660	3	25	3	23
chr19_23890445_23896455	8	23	4	15
chr19_24013378_24019477	4	4	1	1
chr19_28087649_28092997	1	9	0	3
chr19_28177582_28183612	2	5	1	0
chr19_28269706_28275728	2	17	2	15
chr19_29132609_29138743	0	12	0	5
chr19_29225779_29231807	13	13	8	10
chr19_29459290_29465188	17	13	12	9
chr19_32846037_32852182	2	17	1	4
chr19_34860177_34866213	0	7	0	7
chr19_36697923_36704066	4	5	1	4
chr19_37116469_37122625	3	12	3	8
chr19_37837502_37843533	25	13	19	8
chr19_40037915_40044054	0	6	0	6
chr19_42769102_42775111	2	10	2	8
chr19_43242052_43248105	15	17	15	17
chr19_55822401_55828429	18	6	10	3
chr19_9397704_9403756	2	15	0	8
chr1_100632238_100638390	7	3	5	2
chr1_100944683_100950115	12	30	7	17
chr1_102442083_102448229	2	8	1	6
chr1_102826495_102832654	4	13	3	9
chr1_104218010_104223212	1	3	1	3
chr1_104658853_104664872	3	20	2	17
chr1_104770247_104776278	12	22	11	16
chr1_104843833_104849864	3	8	1	3
chr1_104935148_104941180	0	1	0	0
chr1_108161796_108167809	43	35	36	32
chr1_108358320_108364417	3	15	2	6
chr1_111335211_111341371	11	32	8	31
chr1_112154799_112160810	28	75	25	57
chr1_112199142_112205303	0	9	0	1
chr1_112221418_112227438	54	23	40	18
chr1_113633560_113639380	23	38	16	24
chr1_115014051_115020189	10	92	6	56
chr1_115147821_115153959	10	12	7	4
chr1_116051913_116058065	27	46	19	18
chr1_116974738_116980865	2	27	1	12
chr1_117720673_117726833	0	5	0	0
chr1_118280887_118286905	14	32	4	8
chr1_118568232_118574250	3	4	1	1
chr1_118852351_118858380	8	14	4	7
chr1_119020631_119026648	45	15	30	7
chr1_121401447_121407469	9	14	8	13
chr1_121532230_121538261	15	5	15	2
chr1_121574289_121580421	5	3	3	1
chr1_124961843_124967867	2	4	1	0
chr1_125015251_125021207	0	0	0	0
chr1_125122961_125129081	0	3	0	1
chr1_14382318_14388341	2	7	2	4
chr1_146717192_146723218	20	4	10	4
chr1_147006520_147012672	0	0	0	0
chr1_147063913_147070066	21	67	17	55
chr1_147321798_147327814	1	12	0	1
chr1_147402384_147408529	2	5	2	0
chr1_147423218_147429241	3	12	1	3
chr1_158314659_158320685	6	1	2	1
chr1_158336097_158342236	11	62	10	45
chr1_158886103_158892114	1	29	1	21
chr1_159452953_159458976	0	4	0	1
chr1_163639993_163646040	32	27	28	19
chr1_164121630_164127072	4	26	2	20
chr1_164216021_164222185	20	9	14	7
chr1_164459203_164465253	14	20	9	13
chr1_165778069_165784153	4	10	3	5
chr1_166100204_166106364	0	6	0	3
chr1_166243053_166249084	2	6	0	0
chr1_166411299_166417438	0	3	0	2
chr1_168348862_168354879	2	0	0	0
chr1_169251561_169257591	45	19	40	14
chr1_170089171_170095201	0	7	0	5
chr1_170568879_170575370	4	8	1	3
chr1_172055829_172061861	2	14	0	6
chr1_172314246_172320395	25	16	16	9
chr1_172981279_172987306	13	7	10	3
chr1_173725764_173731872	10	28	8	25
chr1_174233266_174239293	2	3	1	2
chr1_174377791_174383815	26	13	20	11
chr1_174590323_174596379	14	29	8	19
chr1_174610057_174616228	2	8	2	4
chr1_174843226_174849243	0	6	0	2
chr1_175992256_175998501	10	2	2	2
chr1_176002354_176008367	6	27	6	26
chr1_176256085_176262110	26	50	22	35
chr1_176308395_176314388	20	24	18	15
chr1_177400917_177406941	17	72	10	57
chr1_177633927_177639946	78	28	50	11
chr1_177671810_177677946	9	17	4	7
chr1_177759403_177765545	19	24	15	20
chr1_178314791_178320818	18	2	17	1
chr1_178837547_178843666	6	19	3	13
chr1_178987591_178993573	10	40	7	32
chr1_179460043_179466249	20	14	10	1
chr1_180333571_180339694	3	12	3	9
chr1_180866811_180872843	42	11	34	5
chr1_183658067_183664223	7	34	7	28
chr1_184130573_184136757	3	1	0	0
chr1_185001530_185007555	29	50	13	36
chr1_185251798_185257805	16	12	16	7
chr1_185378615_185384739	1	3	1	0
chr1_185887306_185893334	8	9	5	3
chr1_186256600_186262729	7	62	6	56
chr1_186637331_186643356	1	3	1	0
chr1_187343764_187349794	32	2	22	0
chr1_187597671_187603699	20	15	16	6
chr1_188752216_188758260	35	0	15	0
chr1_189325284_189331428	14	81	13	66
chr1_189468736_189474768	28	34	26	25
chr1_189754801_189760951	2	0	0	0
chr1_191442810_191448889	4	45	4	36
chr1_192500584_192506612	93	86	79	77
chr1_192662965_192669094	15	67	9	51
chr1_193717837_193723892	12	12	10	8
chr1_196219370_196225402	5	15	2	5
chr1_196780803_196786955	1	9	1	9
chr1_196986363_196992657	7	45	5	33
chr1_197707714_197713746	18	3	15	1
chr1_198309446_198315462	19	6	15	2
chr1_205400697_205406859	2	18	2	8
chr1_207206734_207212907	4	7	3	2
chr1_207730466_207736495	20	5	11	3
chr1_208702694_208709029	0	2	0	1
chr1_209913771_209919823	4	5	4	5
chr1_209973212_209979350	1	6	0	0
chr1_212658025_212664183	5	4	5	2
chr1_213213891_213220019	10	5	0	5
chr1_217690492_217696523	23	10	17	8
chr1_219839330_219845537	2	15	0	9
chr1_219863570_219869595	9	49	8	38
chr1_223395534_223401557	8	10	6	6
chr1_225055535_225061656	10	32	9	25
chr1_237019467_237025494	10	26	6	22
chr1_237075264_237081293	5	16	3	11
chr1_239623498_239629523	5	2	2	1
chr1_239637768_239643908	2	5	0	0
chr1_242045561_242051585	13	15	9	8
chr1_242481073_242487222	1	14	0	8
chr1_245816539_245822560	7	1	6	1
chr1_247954964_247961087	0	4	0	2
chr1_248067512_248073636	0	1	0	1
chr1_248166557_248172589	0	2	0	1
chr1_248252861_248258877	0	4	0	4
chr1_248527957_248533941	1	3	1	2
chr1_25506585_25512707	0	5	0	3
chr1_33829520_33835665	3	5	0	3
chr1_34092394_34098413	5	5	4	2
chr1_34250741_34256767	9	38	6	28
chr1_34566055_34572105	8	21	5	17
chr1_41176264_41182362	3	12	1	10
chr1_43114527_43120516	2	18	2	15
chr1_48150125_48156157	6	3	5	2
chr1_48277194_48283343	3	8	1	6
chr1_48363803_48369929	0	3	0	3
chr1_49006012_49012044	2	16	2	12
chr1_49282507_49288376	8	4	8	2
chr1_49561313_49567447	3	1	3	1
chr1_49915108_49921256	0	3	0	0
chr1_49934841_49940864	13	34	13	32
chr1_52171000_52177141	2	17	2	14
chr1_58126455_58132485	44	25	35	18
chr1_58373171_58379206	13	7	9	4
chr1_58958128_58964283	19	13	16	9
chr1_59250823_59256962	0	1	0	1
chr1_59368923_59375078	13	22	5	11
chr1_59532995_59539008	0	2	0	0
chr1_59586803_59592948	6	4	4	1
chr1_59647747_59653779	14	19	5	18
chr1_60490132_60496149	2	2	1	0
chr1_60640012_60646037	4	5	4	1
chr1_65450279_65456309	5	20	4	16
chr1_65544806_65550970	0	9	0	5
chr1_65558564_65564576	14	3	4	1
chr1_66199807_66204996	1	2	0	0
chr1_66480923_66486952	13	7	10	2
chr1_66780142_66786326	0	9	0	4
chr1_67078891_67084915	9	7	4	6
chr1_67176638_67182776	4	12	3	9
chr1_68875777_68881805	1	2	1	1
chr1_69922813_69928952	8	11	4	7
chr1_71513698_71519742	10	15	7	9
chr1_71888203_71894235	1	3	0	1
chr1_7411757_7417922	4	11	3	11
chr1_74877120_74883155	0	2	0	1
chr1_74986518_74992624	0	3	0	1
chr1_75106865_75112887	11	4	1	3
chr1_75476261_75482430	1	3	1	1
chr1_75677750_75683758	6	10	4	5
chr1_77000000_77005515	3	4	2	1
chr1_78845456_78851474	4	5	3	1
chr1_79414188_79420301	0	5	0	0
chr1_79511261_79517280	5	21	3	17
chr1_80132548_80138577	9	8	6	8
chr1_80394348_80400494	6	1	3	0
chr1_80939203_80945257	0	0	0	0
chr1_82130929_82136890	22	3	20	2
chr1_82250044_82256069	1	8	1	5
chr1_83182174_83188201	23	9	23	5
chr1_83263607_83269631	3	2	3	2
chr1_83350413_83356465	14	23	13	23
chr1_84228930_84234940	8	5	2	0
chr1_85508351_85514542	0	11	0	8
chr1_85641866_85648021	5	19	5	16
chr1_85748519_85754548	4	6	2	3
chr1_85824940_85830944	3	9	1	9
chr1_85927067_85933100	13	7	11	7
chr1_86679080_86685111	0	0	0	0
chr1_88341842_88347867	6	7	2	2
chr1_89412579_89418615	10	4	6	4
chr1_89747026_89753053	12	1	5	0
chr1_90057280_90063312	6	10	6	10
chr1_93790652_93796681	6	13	0	7
chr1_95292237_95298258	15	2	12	1
chr1_96604386_96610400	10	2	3	1
chr1_96853195_96859362	4	1	1	0
chr1_98875638_98881734	1	19	1	17
chr1_99399824_99405973	0	2	0	0
chr20_11632779_11638837	11	35	9	26
chr20_12443116_12449140	8	7	8	4
chr20_12582507_12588531	34	11	29	9
chr20_12801017_12807044	10	11	7	9
chr20_129964_135977	21	7	19	7
chr20_18332912_18339088	12	4	9	1
chr20_21887655_21893685	2	13	2	2
chr20_21910853_21916881	2	39	1	26
chr20_22009432_22015596	0	10	0	6
chr20_22194131_22200273	0	4	0	3
chr20_23426108_23432140	10	9	3	3
chr20_23589308_23595311	30	21	14	9
chr20_23896851_23903006	17	74	13	58
chr20_24900605_24906618	1	9	0	2
chr20_24921723_24927909	8	14	7	11
chr20_2500825_2506958	18	22	13	15
chr20_25329949_25335970	9	10	2	4
chr20_26233677_26239735	20	2	18	0
chr20_28736655_28742476	0	3	0	1
chr20_30944115_30950140	1	17	1	16
chr20_30985455_30991464	35	31	35	29
chr20_31332715_31338865	5	44	2	34
chr20_40619322_40625356	7	6	3	0
chr20_42206269_42212317	90	41	40	21
chr20_42614937_42620967	23	25	1	2
chr20_4283734_4289881	1	13	1	6
chr20_43814461_43820491	39	15	29	5
chr20_45687891_45693981	8	6	3	2
chr20_53455562_53461566	39	17	31	7
chr20_53472644_53478653	33	55	23	41
chr20_53503851_53509874	19	34	1	19
chr20_54782510_54788349	44	163	31	125
chr20_55220304_55226469	0	15	0	6
chr20_55900229_55906399	8	44	6	37
chr20_59531777_59537803	29	71	14	51
chr20_6315821_6321844	26	8	19	7
chr20_7116194_7122199	3	2	3	0
chr20_8108866_8114917	9	10	5	8
chr20_8595101_8601127	22	8	19	4
chr21_10631089_10637220	0	9	0	4
chr21_10739647_10745670	0	3	0	3
chr21_14927082_14933113	1	5	0	1
chr21_14933877_14939951	25	58	22	55
chr21_17327482_17333500	2	18	0	16
chr21_17376038_17381930	3	7	0	0
chr21_22493175_22499632	4	9	2	7
chr21_25918367_25924392	9	2	8	1
chr21_28676917_28683062	3	2	1	1
chr21_31814220_31820362	6	4	3	2
chr21_33925606_33931606	30	8	13	6
chr21_35493766_35499791	17	3	8	1
chr21_36616544_36622673	1	13	1	8
chr21_8767450_8773597	0	0	0	0
chr22_11428056_11433204	0	0	0	0
chr22_11959381_11965528	0	1	0	0
chr22_12801330_12807455	0	0	0	0
chr22_15214621_15220667	0	0	0	0
chr22_16021017_16027044	0	2	0	0
chr22_16183718_16189738	3	16	2	16
chr22_16235053_16241190	0	2	0	2
chr22_22187854_22193971	0	8	0	3
chr22_22276800_22282812	0	0	0	0
chr22_23662983_23669138	0	5	0	4
chr22_28209186_28215291	8	32	7	17
chr22_28386847_28392869	5	2	3	2
chr22_28663283_28669315	1	1	0	0
chr22_32294665_32300684	0	0	0	0
chr22_34549683_34555708	5	1	0	1
chr22_34677368_34683400	1	5	1	2
chr22_48985761_48991792	13	22	10	17
chr2_102324371_102330501	4	13	2	6
chr2_102566355_102572385	19	13	10	5
chr2_106130892_106136925	17	15	12	8
chr2_109111631_109117785	30	18	20	11
chr2_112503812_112509845	31	65	29	64
chr2_113471481_113477545	0	0	0	0
chr2_114096298_114102405	12	58	8	51
chr2_115799431_115805573	2	34	2	25
chr2_116048941_116054967	9	13	5	6
chr2_117156034_117162051	1	8	0	3
chr2_117649184_117655215	5	6	2	4
chr2_117778178_117784316	8	7	2	3
chr2_117803780_117809809	13	36	13	34
chr2_118137000_118143020	32	28	18	19
chr2_118895761_118901792	13	4	2	2
chr2_122012673_122018708	15	36	12	24
chr2_122046204_122052249	8	25	6	20
chr2_122550744_122556816	4	1	2	0
chr2_123628724_123634742	3	11	0	4
chr2_124139775_124145807	14	30	5	22
chr2_124356306_124362334	9	5	6	2
chr2_124407870_124413893	5	18	2	5
chr2_124593139_124599168	23	23	21	17
chr2_12521757_12527771	21	11	2	1
chr2_126178048_126184064	1	2	0	1
chr2_128858984_128865016	52	21	40	18
chr2_129531920_129537968	0	4	0	4
chr2_132231325_132237282	6	1	6	0
chr2_133465007_133471038	13	53	10	36
chr2_133546865_133552758	19	14	4	3
chr2_133910480_133916504	23	53	20	41
chr2_134825451_134831458	48	4	35	1
chr2_135291597_135297711	17	25	13	17
chr2_137393160_137399190	13	20	11	15
chr2_14099133_14105291	13	40	8	28
chr2_142607781_142613812	45	14	40	11
chr2_142806275_142812293	1	5	1	4
chr2_143006042_143012076	43	4	22	2
chr2_143536378_143542524	1	3	0	3
chr2_143661562_143667611	4	5	1	2
chr2_143860956_143866987	16	14	13	10
chr2_146405741_146411341	3	46	3	36
chr2_147727004_147733028	11	6	1	0
chr2_14783324_14789477	3	6	3	4
chr2_148148940_148154956	1	7	0	3
chr2_148188745_148194773	37	15	30	8
chr2_148322844_148328854	8	14	6	9
chr2_14848064_14854078	18	13	17	11
chr2_149501242_149507406	2	5	2	2
chr2_149637880_149643991	5	34	5	28
chr2_149850457_149856466	12	21	7	6
chr2_149945265_149951292	20	6	9	1
chr2_151698868_151704889	33	38	29	34
chr2_153007766_153013796	10	40	8	28
chr2_15316249_15322384	11	59	10	48
chr2_153251473_153257477	2	8	0	0
chr2_153397921_153403952	16	8	12	7
chr2_153719447_153725466	27	13	21	8
chr2_154147919_154154081	1	13	1	11
chr2_155466628_155472644	8	6	6	3
chr2_155965887_155971915	27	7	26	3
chr2_156254518_156260532	39	13	27	9
chr2_156962342_156968483	5	5	3	0
chr2_157368535_157374566	26	10	19	6
chr2_157397599_157403696	4	38	2	27
chr2_157515143_157521173	29	43	21	32
chr2_157566353_157572377	4	5	1	0
chr2_158351231_158357242	20	29	14	19
chr2_158522617_158528649	49	10	33	6
chr2_160756918_160763090	31	58	28	50
chr2_160766499_160772615	22	11	21	8
chr2_160797332_160803466	37	30	34	20
chr2_160850732_160856748	32	11	22	4
chr2_164261247_164267132	32	6	24	3
chr2_165485934_165491963	14	14	8	10
chr2_165731663_165737694	40	27	27	18
chr2_16593725_16599758	13	9	8	7
chr2_166702725_166708745	15	13	9	6
chr2_166988454_166994509	7	41	5	33
chr2_167081946_167087967	0	3	0	1
chr2_167662955_167668974	8	31	2	15
chr2_167835042_167841189	10	36	7	29
chr2_169248623_169254656	5	20	3	17
chr2_169452781_169458934	7	2	0	1
chr2_171641285_171647419	7	5	4	4
chr2_172187264_172193414	4	34	4	19
chr2_172315270_172321297	36	40	23	31
chr2_173527289_173533317	1	12	1	8
chr2_173699375_173705410	43	34	30	24
chr2_174404458_174410482	24	6	11	2
chr2_175481951_175487994	4	7	3	1
chr2_175588546_175594563	31	16	8	9
chr2_175759595_175765629	15	18	13	16
chr2_177973073_177979090	28	32	16	26
chr2_178982451_178988482	14	22	12	18
chr2_179087387_179093560	8	10	4	7
chr2_179195944_179201918	34	20	25	16
chr2_18012016_18018024	11	21	8	21
chr2_180833661_180839689	33	3	24	3
chr2_181731649_181737829	5	28	5	25
chr2_182025225_182031239	19	14	13	6
chr2_182212404_182218434	13	12	6	3
chr2_183448314_183454476	1	10	0	1
chr2_183586195_183592337	7	18	6	9
chr2_185419434_185425462	8	11	5	10
chr2_185585887_185591908	14	1	2	0
chr2_185841720_185847756	5	9	4	5
chr2_185864597_185870656	12	5	10	3
chr2_188123561_188129537	26	6	19	5
chr2_190772250_190778401	3	3	2	1
chr2_191761849_191767876	63	6	33	3
chr2_192268435_192274450	33	7	21	5
chr2_19305839_19311862	8	13	5	10
chr2_193212420_193218448	25	2	3	0
chr2_195067521_195073543	1	3	0	0
chr2_195228435_195234459	4	7	0	0
chr2_195373191_195379241	41	39	37	30
chr2_195523002_195529095	3	21	3	15
chr2_196521488_196527500	0	9	0	3
chr2_196905587_196911636	22	6	16	0
chr2_197634735_197640761	54	19	43	15
chr2_197687546_197693561	36	62	36	57
chr2_197728962_197734964	1	15	1	4
chr2_198196260_198202415	0	5	0	2
chr2_199028485_199034598	1	20	1	17
chr2_201290544_201296670	13	8	8	5
chr2_204991072_204997106	24	8	18	5
chr2_206894207_206900352	0	33	0	22
chr2_206908035_206914052	1	16	0	12
chr2_207000910_207006934	9	8	4	5
chr2_207344165_207350576	2	4	2	2
chr2_208800640_208806791	14	13	13	10
chr2_208811621_208817648	5	6	4	1
chr2_208831567_208837733	8	9	3	1
chr2_20905451_20911612	6	13	6	10
chr2_209128529_209134554	6	4	3	2
chr2_209746180_209752208	10	8	8	7
chr2_211219320_211225344	73	11	61	7
chr2_21208575_21214737	4	21	2	10
chr2_212785128_212791268	9	4	3	0
chr2_215220243_215226331	7	6	4	3
chr2_216454715_216460842	7	5	0	0
chr2_21903319_21909344	9	39	3	25
chr2_219931818_219937838	13	23	7	17
chr2_22156442_22162464	2	15	1	10
chr2_221984562_221990586	20	35	7	30
chr2_222149601_222155632	13	18	10	15
chr2_227064885_227070875	18	11	9	9
chr2_228199138_228205299	8	15	7	14
chr2_228568257_228574281	1	6	1	2
chr2_228755693_228761717	10	21	2	14
chr2_22984153_22990168	10	11	7	4
chr2_23171551_23177697	0	7	0	1
chr2_232149196_232155229	8	26	5	18
chr2_23224851_23230886	12	30	2	16
chr2_233577839_233583870	13	3	5	3
chr2_234888389_234894419	13	6	4	4
chr2_236383666_236389689	9	4	2	2
chr2_240544494_240550522	22	2	13	1
chr2_24095157_24101258	10	36	7	17
chr2_24800323_24806471	0	11	0	8
chr2_30904198_30910223	34	46	28	29
chr2_33170013_33176199	14	13	7	3
chr2_3369246_3375395	10	10	6	10
chr2_35012447_35018591	0	14	0	11
chr2_35106860_35113009	6	12	3	12
chr2_36112506_36118537	12	35	9	25
chr2_3794364_3800395	27	7	22	3
chr2_38132407_38138592	6	8	3	3
chr2_39575018_39581152	15	61	10	50
chr2_40008598_40014619	25	13	17	9
chr2_40232600_40238627	5	12	2	2
chr2_4157808_4163833	6	12	4	10
chr2_42989475_42995502	42	10	34	9
chr2_43542869_43549021	22	7	13	5
chr2_43660471_43666500	4	9	4	6
chr2_45059559_45065587	24	14	16	5
chr2_45075744_45081776	10	17	3	7
chr2_4642968_4648965	15	10	11	5
chr2_48739839_48745890	16	5	10	1
chr2_51312721_51318845	1	3	0	1
chr2_52039405_52045552	5	18	2	8
chr2_53587033_53593044	48	10	32	6
chr2_55442106_55447873	8	37	7	30
chr2_55736329_55742393	18	9	9	5
chr2_55788120_55794261	0	9	0	7
chr2_57418710_57424719	1	5	1	2
chr2_57608847_57614848	13	36	6	21
chr2_58171614_58177788	20	10	7	4
chr2_58381542_58387566	28	59	24	55
chr2_60083662_60089694	24	35	21	21
chr2_60141191_60147223	7	16	2	6
chr2_60189023_60195053	4	9	0	5
chr2_62616418_62622729	6	71	6	68
chr2_62645710_62651726	14	7	11	7
chr2_62835478_62841498	30	4	25	4
chr2_63530723_63536624	9	41	9	39
chr2_65924170_65930343	6	9	5	3
chr2_66138949_66144939	4	8	2	4
chr2_66206329_66212369	9	4	6	1
chr2_66391130_66397150	8	16	8	10
chr2_66627088_66633235	17	39	17	33
chr2_67356064_67362249	5	22	5	9
chr2_71411474_71417501	0	5	0	2
chr2_72015949_72021960	54	10	21	3
chr2_72063975_72069997	9	24	1	20
chr2_72403730_72409869	4	10	2	9
chr2_73460454_73466651	3	0	1	0
chr2_73480076_73486099	39	8	21	7
chr2_73721395_73727535	30	30	22	19
chr2_76345152_76351328	10	41	10	32
chr2_76647991_76654020	9	11	7	8
chr2_76702092_76708115	11	0	10	0
chr2_76722834_76729033	6	3	0	2
chr2_76775758_76781758	11	20	3	8
chr2_76795804_76801677	27	16	11	4
chr2_77592831_77598845	10	6	4	2
chr2_77753772_77759778	8	20	7	15
chr2_79105693_79111696	2	26	0	13
chr2_79282256_79288271	4	8	2	2
chr2_799542_805567	3	2	0	2
chr2_80093001_80099154	3	10	3	6
chr2_83088804_83094831	73	63	49	53
chr2_83347474_83353489	6	8	5	5
chr2_83768302_83774332	6	24	3	19
chr2_84224738_84230910	8	13	8	9
chr2_85963806_85969950	3	9	2	7
chr2_86655238_86661268	3	2	3	1
chr2_90350348_90356484	0	0	0	0
chr2_9038331_9044482	11	24	9	21
chr2_91446947_91453083	0	0	0	0
chr2_91921173_91927204	0	4	0	4
chr2_95252086_95258210	4	8	0	0
chr2_95869529_95875690	0	0	0	0
chr2_96378981_96385131	16	13	13	9
chr2_97225627_97231779	4	7	4	5
chr2_9860962_9867093	39	21	15	10
chr3_101108330_101114476	2	22	2	14
chr3_102008204_102014355	9	15	4	6
chr3_103220448_103226476	28	15	27	5
chr3_103556537_103562569	12	7	10	7
chr3_105296223_105302219	19	8	15	4
chr3_106665293_106671324	15	32	11	18
chr3_106975444_106981476	18	15	16	9
chr3_107144092_107150246	31	58	29	50
chr3_107333744_107339866	5	10	0	2
chr3_107692204_107698221	2	6	1	3
chr3_108369326_108375491	1	6	0	3
chr3_108749400_108755425	23	25	1	6
chr3_109199872_109205903	12	36	5	24
chr3_109508196_109514400	6	58	6	57
chr3_110440086_110446113	4	22	3	17
chr3_110632031_110638051	0	14	0	9
chr3_110911437_110917460	0	2	0	1
chr3_111018716_111024745	13	4	8	0
chr3_111556203_111562234	11	1	7	0
chr3_112659127_112665164	3	11	1	1
chr3_114276891_114282906	13	19	5	16
chr3_115312305_115318470	2	18	2	11
chr3_116203398_116209426	13	17	1	9
chr3_116359999_116366026	2	5	1	3
chr3_116455196_116461295	4	10	4	9
chr3_118914243_118920271	30	7	17	4
chr3_119001470_119007490	21	30	8	21
chr3_119045132_119051153	40	7	31	6
chr3_119106586_119112745	2	5	0	3
chr3_119563180_119569317	11	45	8	38
chr3_120372615_120378640	15	2	7	0
chr3_120573021_120579186	25	15	22	9
chr3_120973554_120979692	2	15	0	7
chr3_121932760_121938786	0	8	0	6
chr3_122041911_122047938	38	6	27	3
chr3_122137076_122143228	9	7	1	3
chr3_122732871_122739022	20	9	18	7
chr3_125936638_125942696	8	63	6	58
chr3_126331604_126337586	10	10	10	7
chr3_126801074_126807208	19	37	8	14
chr3_131115989_131122113	0	2	0	1
chr3_131331470_131337625	0	7	0	1
chr3_132371232_132377261	34	7	19	6
chr3_132741144_132747312	9	49	9	43
chr3_132760656_132766652	5	13	5	7
chr3_132946006_132952034	17	10	13	2
chr3_133000000_133005662	0	8	0	5
chr3_133723674_133729811	10	43	3	28
chr3_135025209_135031249	24	23	16	11
chr3_135252214_135258230	8	7	3	3
chr3_135584725_135590755	46	9	39	2
chr3_135658603_135664636	22	6	19	3
chr3_136479056_136485103	25	38	13	28
chr3_136963693_136969736	51	8	45	5
chr3_137211031_137217172	4	54	4	48
chr3_137633714_137639732	2	7	2	2
chr3_137660583_137666719	10	36	8	31
chr3_1387560_1393571	1	16	1	11
chr3_139590956_139596035	34	6	23	3
chr3_140479951_140486093	2	4	0	0
chr3_140987571_140993670	0	3	0	0
chr3_141135363_141141479	21	22	19	8
chr3_141757129_141763153	39	32	24	15
chr3_142290203_142296232	17	12	15	11
chr3_142475105_142481234	5	19	1	12
chr3_143662333_143668488	5	17	0	8
chr3_145252617_145258622	9	2	4	0
chr3_145927778_145933791	17	22	17	21
chr3_146285252_146294041	0	8	0	4
chr3_146940674_146946795	5	3	5	2
chr3_151241772_151247772	28	13	10	8
chr3_15186665_15192699	3	6	0	4
chr3_153235756_153241782	11	23	6	18
chr3_153506403_153512405	3	14	1	8
chr3_153796804_153802956	0	2	0	1
chr3_155119416_155125444	1	2	1	2
chr3_155469062_155475088	8	22	7	18
chr3_155541893_155548049	6	10	5	8
chr3_156278973_156284990	23	5	17	2
chr3_157340046_157346169	1	8	0	3
chr3_157685205_157691319	2	4	2	3
chr3_157724697_157730723	14	24	9	18
chr3_157879333_157885499	6	9	1	7
chr3_158019676_158025704	39	5	23	5
chr3_158324235_158330363	3	10	0	7
chr3_158511108_158517123	29	22	27	19
chr3_158634523_158640540	17	4	16	4
chr3_159095379_159101394	27	22	14	17
chr3_159392310_159398352	8	8	6	4
chr3_159505478_159511616	7	42	4	33
chr3_162405866_162411893	35	16	31	11
chr3_163236941_163242962	23	11	19	7
chr3_165572331_165578354	13	5	10	2
chr3_166021102_166027124	3	23	2	10
chr3_166617451_166623581	0	0	0	0
chr3_16676612_16682753	3	8	0	0
chr3_167129352_167135528	5	34	1	18
chr3_167275267_167281266	8	14	8	9
chr3_169679487_169685517	32	43	22	31
chr3_170662387_170668526	6	26	4	15
chr3_170878556_170884584	26	29	18	8
chr3_170932917_170939072	7	17	1	12
chr3_174259685_174265694	37	1	12	0
chr3_175781710_175787737	53	4	21	3
chr3_176016123_176022184	4	10	0	4
chr3_177388770_177394751	3	11	1	3
chr3_177659339_177665319	4	63	4	53
chr3_178859948_178865979	6	14	4	14
chr3_179126722_179132866	3	11	1	2
chr3_180367353_180373522	12	69	8	65
chr3_181041413_181046904	1	8	0	3
chr3_182426092_182432110	0	7	0	5
chr3_187052299_187058423	26	56	19	38
chr3_187412123_187418152	0	3	0	0
chr3_187862480_187868516	51	31	42	22
chr3_187890220_187896214	42	33	20	24
chr3_188372709_188378861	3	23	2	13
chr3_18930482_18936506	12	4	9	0
chr3_18957806_18963833	13	59	5	38
chr3_18975949_18982086	2	31	2	25
chr3_19097368_19103347	2	20	1	10
chr3_192149315_192155328	5	18	3	18
chr3_192739213_192745242	39	4	25	0
chr3_19370610_19376625	2	4	0	1
chr3_195087672_195093677	79	41	68	35
chr3_19855048_19861075	24	12	20	11
chr3_22737735_22743754	0	9	0	8
chr3_22801378_22807403	39	86	37	70
chr3_23030417_23036543	8	61	5	43
chr3_23349243_23355385	23	4	16	2
chr3_24089454_24095487	50	13	31	7
chr3_25199455_25205563	10	12	8	7
chr3_26036528_26042769	8	38	1	19
chr3_26239082_26245212	4	19	2	7
chr3_26384735_26390767	1	4	1	1
chr3_26398017_26404045	10	11	1	7
chr3_2666594_2672735	0	11	0	7
chr3_26783096_26789130	3	9	2	4
chr3_26881365_26887510	1	25	0	18
chr3_27815983_27821983	25	20	9	10
chr3_29993917_29999918	18	31	17	24
chr3_33281055_33287153	7	24	7	20
chr3_33671454_33677714	8	29	3	24
chr3_34094086_34100223	0	3	0	1
chr3_34413126_34419172	11	21	6	10
chr3_34427736_34433885	1	3	1	0
chr3_35225817_35231938	4	13	4	0
chr3_35818653_35824692	12	12	4	3
chr3_3719386_3725382	26	20	21	12
chr3_38405400_38411538	2	16	2	9
chr3_38932236_38938390	2	5	2	5
chr3_3963076_3969110	8	16	4	8
chr3_39994053_39999999	0	5	0	2
chr3_40154990_40161029	3	1	0	0
chr3_40902374_40908432	2	7	2	2
chr3_40953869_40960021	18	33	14	29
chr3_41642194_41648350	6	5	6	4
chr3_4253248_4259276	33	40	28	36
chr3_43064774_43070790	18	7	16	3
chr3_43565822_43571847	1	2	1	1
chr3_43678954_43685094	4	4	3	3
chr3_46783105_46789138	19	25	16	17
chr3_4916534_4922591	49	15	27	7
chr3_50973137_50979172	5	13	1	12
chr3_51199048_51205178	4	19	3	16
chr3_53365276_53371325	2	11	2	1
chr3_53921747_53927805	2	6	1	5
chr3_54284955_54291072	6	12	5	8
chr3_54394322_54400323	4	16	2	7
chr3_54458770_54464920	6	5	1	4
chr3_54468131_54474552	5	48	4	44
chr3_55046104_55052129	23	7	22	7
chr3_55831626_55837762	11	3	3	3
chr3_56213069_56219149	1	25	1	17
chr3_57324583_57330726	0	5	0	5
chr3_58758539_58764668	20	31	19	16
chr3_58806577_58812715	9	9	4	4
chr3_58816278_58822304	4	7	3	6
chr3_58842154_58848179	27	5	19	4
chr3_60710285_60715325	1	10	1	8
chr3_60960425_60966566	1	1	0	0
chr3_61042988_61049130	0	4	0	1
chr3_6266919_6273034	4	8	0	0
chr3_63136268_63142301	39	86	34	54
chr3_63211708_63217714	9	49	3	18
chr3_63645170_63651333	16	173	11	132
chr3_63733312_63739364	181	83	76	33
chr3_6484911_6490929	4	30	1	22
chr3_65509292_65515316	6	9	5	7
chr3_66842801_66848943	0	10	0	4
chr3_67147643_67153797	6	3	6	2
chr3_67393029_67399181	35	67	30	61
chr3_6764136_6770100	23	5	19	3
chr3_67775624_67782079	6	57	6	50
chr3_68076319_68082339	6	15	5	12
chr3_6945054_6951190	4	15	2	9
chr3_69475205_69481363	18	56	14	42
chr3_70285056_70291083	16	11	15	10
chr3_72710341_72716487	3	11	0	0
chr3_73990712_73996834	2	17	1	9
chr3_74156962_74163113	4	7	1	4
chr3_75091959_75098014	2	36	1	21
chr3_75273461_75279470	3	13	3	10
chr3_75831756_75837912	0	0	0	0
chr3_77210593_77216723	1	8	0	2
chr3_77763677_77769678	9	2	5	2
chr3_78487036_78493167	0	3	0	1
chr3_78675184_78681346	2	24	1	16
chr3_78944526_78950672	2	16	1	12
chr3_80891646_80897665	6	49	3	28
chr3_809376_815406	7	20	4	13
chr3_81051389_81057413	4	7	2	3
chr3_82104884_82111042	0	5	0	2
chr3_85153071_85158885	8	7	0	0
chr3_8611524_8617535	34	62	18	53
chr3_8716076_8722097	59	40	38	18
chr3_87340526_87346504	6	21	3	17
chr3_88503101_88509122	5	19	2	14
chr3_88869833_88875863	10	8	3	5
chr3_89345615_89351640	23	6	14	6
chr3_89460825_89466856	13	4	9	3
chr3_89747613_89753632	2	5	1	0
chr3_89869044_89875069	2	2	2	2
chr3_89939076_89945113	7	18	4	5
chr3_89957833_89963855	29	6	23	5
chr3_90169567_90175598	20	15	20	15
chr3_90334081_90340103	12	10	11	9
chr3_90430658_90436681	10	42	7	33
chr3_93766941_93772994	5	42	5	41
chr3_93846770_93852898	8	54	8	38
chr3_94745469_94751496	8	22	6	8
chr3_94836023_94842079	0	3	0	3
chr3_94846027_94852063	5	13	5	11
chr3_95059814_95065951	19	2	16	1
chr3_95657314_95663341	8	29	3	22
chr3_96936611_96942758	9	22	7	18
chr3_96979060_96985198	5	10	2	2
chr3_97904737_97910773	4	21	4	17
chr3_98174083_98180245	0	3	0	3
chr3_99733146_99739243	5	29	3	17
chr4_100000524_100006553	26	11	15	2
chr4_100043522_100049465	8	16	5	11
chr4_101405667_101411695	12	1	9	0
chr4_102374729_102380899	0	19	0	10
chr4_103250265_103256290	23	14	15	8
chr4_104321484_104327628	1	19	0	14
chr4_104687024_104692901	15	13	13	9
chr4_104786988_104793014	18	46	16	39
chr4_105307236_105313391	1	11	1	7
chr4_105729743_105735830	9	21	9	17
chr4_105860130_105866235	4	6	4	4
chr4_106213354_106219380	12	17	5	14
chr4_106571057_106577070	7	3	4	0
chr4_106935103_106941147	8	36	8	32
chr4_107672082_107678199	10	4	6	2
chr4_109775045_109781152	5	14	5	3
chr4_11060915_11066938	5	9	4	4
chr4_110870809_110876821	22	4	11	0
chr4_111147043_111153194	5	9	3	5
chr4_111336943_111342946	5	3	2	1
chr4_111377903_111384069	5	19	4	6
chr4_111894801_111900831	2	12	2	7
chr4_11235217_11241254	13	58	11	49
chr4_112575290_112581425	9	5	8	0
chr4_113489138_113495167	37	11	17	7
chr4_11378740_11384770	18	33	12	24
chr4_11557447_11563586	3	11	3	9
chr4_11578358_11583517	11	39	10	27
chr4_116405696_116411731	13	8	5	8
chr4_116775043_116781055	3	0	0	0
chr4_117921983_117927986	1	27	1	20
chr4_119061901_119068062	2	16	1	8
chr4_119948726_119954758	31	12	25	6
chr4_120508813_120515250	5	11	5	9
chr4_12089981_12096125	3	16	2	13
chr4_122492915_122499068	6	11	4	6
chr4_122939633_122945796	0	5	0	4
chr4_12334559_12340607	1	18	1	8
chr4_124361247_124367393	1	10	1	2
chr4_12461348_12467472	0	1	0	1
chr4_126860856_126867000	0	11	0	3
chr4_126928255_126934284	3	1	3	1
chr4_127020568_127026555	4	5	0	0
chr4_127062560_127068603	3	31	3	21
chr4_127472690_127478829	2	4	0	2
chr4_12748272_12754295	2	16	0	10
chr4_127588930_127594962	9	8	6	2
chr4_127650220_127656245	25	6	22	4
chr4_127676608_127682756	2	5	0	0
chr4_128213789_128219796	31	3	6	1
chr4_129023547_129029691	5	15	4	13
chr4_12903431_12909456	13	24	4	1
chr4_129715499_129721626	0	10	0	6
chr4_129853905_129859930	7	3	7	2
chr4_130046202_130052342	1	0	0	0
chr4_132631286_132637304	16	12	0	0
chr4_132944445_132950433	15	21	10	15
chr4_133733942_133739952	26	4	18	4
chr4_134207778_134213927	2	14	1	3
chr4_135178140_135183747	0	10	0	4
chr4_135447537_135453551	24	15	15	11
chr4_136293494_136299546	26	18	13	17
chr4_138881278_138887439	3	12	3	9
chr4_14009454_14015486	29	29	14	23
chr4_140413342_140419363	6	2	3	1
chr4_140782680_140788847	6	27	3	20
chr4_141377781_141383925	1	3	1	2
chr4_141549289_141555444	4	12	1	2
chr4_141877346_141883376	12	5	5	3
chr4_142253344_142259388	13	11	10	7
chr4_142990876_142997042	5	8	1	1
chr4_143100259_143106289	33	16	20	4
chr4_143659114_143665240	6	3	1	0
chr4_144391554_144397691	0	5	0	3
chr4_144768558_144774706	2	22	0	10
chr4_14480751_14486827	13	18	8	9
chr4_145369388_145375369	2	5	2	1
chr4_146350018_146356052	3	6	2	3
chr4_146552929_146559080	6	50	3	40
chr4_14660296_14666326	10	2	7	1
chr4_147292169_147298625	4	42	3	36
chr4_14755114_14761144	12	5	0	1
chr4_148317874_148323904	21	5	7	3
chr4_149088594_149094734	9	17	8	13
chr4_149848204_149854224	13	17	6	14
chr4_149915524_149921557	14	9	13	7
chr4_151511295_151517459	5	3	3	1
chr4_15174004_15180043	5	4	3	1
chr4_15278666_15284652	9	1	3	1
chr4_156284540_156290599	15	5	11	2
chr4_156367269_156373295	1	2	0	1
chr4_157174892_157180916	4	4	2	3
chr4_158084240_158090272	2	3	2	1
chr4_158362555_158368702	10	37	10	25
chr4_15841546_15847572	21	7	18	4
chr4_159709512_159715562	43	31	39	22
chr4_159804371_159810375	2	8	2	4
chr4_160120217_160126215	67	62	62	58
chr4_160574032_160580085	11	23	4	19
chr4_163207006_163212968	12	16	10	12
chr4_163632232_163638253	12	8	6	2
chr4_163719033_163725152	3	29	3	22
chr4_164241613_164247620	5	4	2	2
chr4_164350749_164356776	3	22	3	21
chr4_164553492_164559523	15	29	14	26
chr4_16557085_16563224	17	29	10	17
chr4_166463312_166469345	5	3	0	2
chr4_166569976_166576007	6	13	5	9
chr4_166755895_166761908	0	1	0	0
chr4_167276135_167282161	3	4	2	1
chr4_167343516_167349561	31	48	25	39
chr4_167857881_167863903	5	18	4	13
chr4_168441989_168448038	31	10	23	5
chr4_169515501_169521532	38	12	27	8
chr4_170263278_170269442	1	9	1	9
chr4_170431382_170437424	12	7	0	0
chr4_170639225_170645417	2	14	2	8
chr4_171903130_171909158	0	1	0	1
chr4_173785907_173792044	9	31	7	28
chr4_174411896_174418039	0	10	0	5
chr4_174778462_174784478	33	23	26	19
chr4_175019740_175025751	29	17	22	9
chr4_178015030_178021062	13	2	6	0
chr4_179636522_179642706	0	2	0	1
chr4_181408889_181414915	4	0	1	0
chr4_182356716_182362873	5	2	2	2
chr4_182779057_182785080	16	14	11	5
chr4_186110393_186116420	26	8	22	6
chr4_187050521_187056650	7	5	5	2
chr4_187856785_187862920	3	10	3	3
chr4_188558269_188564287	28	38	21	36
chr4_21103586_21109754	3	15	1	9
chr4_22146427_22152457	4	12	2	10
chr4_23614771_23620793	5	15	3	11
chr4_23641744_23647772	4	40	3	35
chr4_24938412_24944561	13	17	12	12
chr4_26640435_26645841	6	32	5	27
chr4_27070203_27076264	19	6	11	5
chr4_27375687_27381719	32	8	27	2
chr4_41349460_41355618	0	6	0	3
chr4_43092867_43099023	0	1	0	1
chr4_44264460_44270554	0	9	0	3
chr4_44879460_44885597	3	10	3	3
chr4_46404685_46410810	2	9	1	6
chr4_46567128_46573270	2	9	2	3
chr4_48051954_48057974	4	4	0	0
chr4_48711074_48717284	9	1	5	0
chr4_48864580_48870732	2	16	1	12
chr4_48917870_48923851	5	19	3	11
chr4_49169833_49175964	0	2	0	0
chr4_4953897_4959919	18	10	12	4
chr4_49620917_49626617	0	0	0	0
chr4_52218222_52224371	6	17	3	12
chr4_5241574_5247720	7	58	2	43
chr4_52446348_52452482	1	7	1	7
chr4_52538471_52544498	11	8	9	8
chr4_52816456_52822486	10	4	8	2
chr4_52895176_52901291	4	15	4	8
chr4_52970031_52976182	8	4	4	2
chr4_53297965_53304112	6	12	5	11
chr4_53328731_53334762	4	8	2	4
chr4_53339989_53346107	8	29	3	26
chr4_53404014_53410141	5	9	0	3
chr4_53823629_53829782	7	18	3	9
chr4_53877116_53883135	5	7	3	3
chr4_54243580_54249798	6	10	5	5
chr4_5438601_5444628	16	41	8	30
chr4_54528934_54535093	25	57	22	51
chr4_5490577_5496698	5	39	2	25
chr4_5518180_5523974	3	13	2	11
chr4_55619153_55625181	25	35	21	24
chr4_55841737_55847894	7	10	7	6
chr4_5593579_5599733	22	49	21	37
chr4_56331254_56337382	21	11	7	0
chr4_57383830_57389973	0	7	0	6
chr4_57562316_57568347	4	20	4	14
chr4_5761914_5767928	2	6	0	4
chr4_59206451_59212619	3	9	3	6
chr4_60831273_60837284	4	13	4	10
chr4_61011661_61017788	2	13	1	12
chr4_61367239_61373248	5	12	5	9
chr4_61641294_61647303	6	6	0	5
chr4_61743721_61749869	6	8	5	5
chr4_61939927_61945962	15	8	9	4
chr4_62726948_62732969	4	18	3	11
chr4_64859153_64865171	35	9	25	5
chr4_65052166_65058198	2	12	2	6
chr4_65288237_65294261	5	7	4	6
chr4_65993299_65999302	6	4	4	4
chr4_66545118_66551255	1	6	1	2
chr4_67062389_67068523	0	15	0	7
chr4_67177042_67183058	8	22	7	19
chr4_67967414_67973442	12	5	1	0
chr4_71053846_71059857	4	10	4	8
chr4_71791666_71797803	0	11	0	0
chr4_72163776_72169919	0	2	0	1
chr4_72514834_72520993	4	10	4	6
chr4_72593713_72599863	1	5	1	1
chr4_73360155_73366246	0	2	0	1
chr4_75126805_75132838	15	14	11	8
chr4_75270579_75276607	13	12	8	7
chr4_75401194_75407226	78	42	64	30
chr4_75442536_75448552	10	5	4	0
chr4_77321655_77327742	0	3	0	1
chr4_78105735_78111765	24	8	15	6
chr4_78112832_78118967	3	4	1	3
chr4_78301853_78307882	11	23	9	11
chr4_78347980_78354013	3	10	1	8
chr4_79704552_79710581	52	18	45	9
chr4_79937715_79943746	1	7	1	3
chr4_79966907_79972933	23	5	20	2
chr4_80855406_80861562	4	4	1	2
chr4_81714938_81720512	8	48	5	44
chr4_83397906_83404039	7	24	7	19
chr4_83952175_83958205	5	8	5	3
chr4_84126785_84132814	6	6	1	3
chr4_84987206_84993388	2	5	1	3
chr4_85661518_85667643	14	43	12	36
chr4_86070390_86076419	7	4	1	1
chr4_86134671_86140696	9	9	3	2
chr4_87347103_87353146	1	8	0	6
chr4_87710373_87716399	9	7	6	6
chr4_88870166_88876304	8	17	3	5
chr4_88919559_88925734	1	5	0	3
chr4_90699987_90706061	0	10	0	6
chr4_91437491_91443691	5	30	4	23
chr4_91786024_91792049	13	33	13	29
chr4_91978211_91984413	9	14	9	12
chr4_93608283_93614338	8	18	7	15
chr4_93638307_93644337	6	7	6	6
chr4_93676798_93682944	4	7	4	2
chr4_94309125_94315291	6	6	6	1
chr4_94835758_94841785	8	27	6	21
chr4_95133878_95140064	5	6	4	5
chr4_95171232_95177256	14	8	8	7
chr4_95914759_95920788	14	21	12	19
chr4_96409195_96415225	8	6	4	1
chr4_97560897_97566581	5	6	1	1
chr4_97633479_97639503	11	5	9	4
chr4_97777927_97784080	6	1	4	0
chr4_98018021_98024143	1	7	0	0
chr4_98592435_98598463	18	15	13	11
chr4_99765432_99771462	4	20	2	10
chr4_99792655_99798764	4	11	0	1
chr5_100458104_100464295	12	31	8	24
chr5_101180130_101186147	6	3	2	2
chr5_102131356_102137385	15	26	11	15
chr5_102671229_102677260	63	11	49	5
chr5_103046752_103052769	33	23	17	14
chr5_104074362_104080381	17	5	11	3
chr5_104446375_104452406	52	33	36	28
chr5_104518587_104524616	2	5	0	2
chr5_105513236_105519274	28	5	22	5
chr5_106425382_106431381	8	9	7	6
chr5_106713866_106719888	6	2	2	0
chr5_106898992_106905178	13	13	7	6
chr5_109259387_109265418	21	8	8	3
chr5_109441620_109447643	11	20	8	17
chr5_110278636_110284796	2	32	0	27
chr5_110985740_110991743	6	4	4	0
chr5_111029735_111035854	1	6	1	5
chr5_111084879_111090908	23	23	16	17
chr5_111302238_111308262	12	5	10	3
chr5_111986003_111992116	0	8	0	5
chr5_114157007_114163149	0	17	0	13
chr5_115117313_115123392	6	31	6	26
chr5_115674518_115680703	2	1	0	0
chr5_11666769_11673042	6	33	5	24
chr5_117338253_117344286	2	7	0	0
chr5_117527598_117533625	25	7	24	6
chr5_118382971_118389064	14	32	6	25
chr5_119684785_119690814	6	6	5	5
chr5_120176046_120182173	2	9	2	7
chr5_120421208_120427233	14	19	10	10
chr5_120831425_120836963	14	17	13	14
chr5_121064235_121070241	38	37	37	28
chr5_122377544_122383563	7	11	2	3
chr5_122509616_122515639	23	15	19	9
chr5_122592542_122598662	2	2	1	0
chr5_122630891_122636933	10	15	3	7
chr5_123236611_123242616	33	37	14	29
chr5_123250932_123257062	0	5	0	3
chr5_125359000_125365032	87	35	68	23
chr5_126890286_126896333	20	22	11	16
chr5_126903810_126909817	3	12	3	7
chr5_127103103_127109254	4	20	1	16
chr5_127733931_127739952	11	9	4	2
chr5_127747107_127753135	5	15	1	10
chr5_128293846_128299849	4	5	0	2
chr5_128937637_128943755	2	9	2	4
chr5_129285246_129291357	7	16	5	12
chr5_130732094_130738109	3	3	1	1
chr5_130783490_130789657	0	1	0	0
chr5_130817737_130823763	13	19	12	15
chr5_130897566_130903669	0	13	0	0
chr5_131331966_131338103	3	1	2	0
chr5_131893739_131899064	3	57	3	57
chr5_132513964_132519996	9	2	8	2
chr5_13416497_13422525	16	12	14	9
chr5_137968595_137974622	6	19	5	11
chr5_139005423_139011486	5	8	5	7
chr5_143852080_143858214	2	13	2	7
chr5_144049945_144056062	3	15	3	4
chr5_145418732_145424748	47	5	40	4
chr5_146609485_146615534	29	50	22	37
chr5_147715845_147721872	6	7	6	6
chr5_147941118_147947133	38	22	33	18
chr5_148230602_148236590	10	2	7	0
chr5_148668218_148674344	4	18	1	7
chr5_148942273_148948290	31	17	24	4
chr5_150742837_150748950	18	19	11	10
chr5_150964139_150970275	0	6	0	3
chr5_152207300_152213333	12	12	6	9
chr5_152340020_152346052	28	19	21	10
chr5_152653965_152659898	1	12	1	8
chr5_152740936_152746968	4	10	2	7
chr5_152762660_152768698	2	7	0	2
chr5_152886441_152892473	7	25	5	18
chr5_15291930_15298100	19	14	11	8
chr5_153070982_153077008	22	35	21	19
chr5_153300443_153306573	1	31	1	23
chr5_153325326_153331330	0	6	0	1
chr5_153381391_153387536	2	24	0	21
chr5_153723252_153729397	2	23	2	9
chr5_155168337_155174487	9	9	6	9
chr5_155713949_155720091	3	11	1	9
chr5_156061919_156067966	11	2	8	2
chr5_156605055_156611189	0	5	0	2
chr5_15906515_15912550	11	13	3	2
chr5_160709608_160715639	11	2	5	2
chr5_160873524_160879549	0	4	0	2
chr5_161606050_161612084	17	17	14	15
chr5_162578034_162584195	3	30	3	22
chr5_162690774_162696913	1	21	1	19
chr5_16335410_16341440	27	21	22	10
chr5_166966760_166972815	12	14	11	8
chr5_169819644_169825775	7	33	6	15
chr5_170239776_170245795	7	36	4	14
chr5_1709818_1715835	26	28	15	13
chr5_171083963_171089973	14	4	5	2
chr5_173402796_173408828	20	7	14	4
chr5_175397769_175403801	16	6	12	6
chr5_176276446_176282584	0	0	0	0
chr5_176282585_176287631	11	19	11	19
chr5_17749600_17755756	6	1	4	1
chr5_177772245_177778274	1	3	1	3
chr5_179101069_179107079	30	44	20	39
chr5_180902521_180908537	59	15	48	12
chr5_19161336_19167360	48	3	39	2
chr5_21107412_21113430	72	13	57	10
chr5_25077653_25083685	7	18	7	14
chr5_25113737_25119754	7	13	3	9
chr5_25378529_25384556	14	43	11	31
chr5_28798790_28804814	14	44	10	36
chr5_30423377_30429507	1	5	0	4
chr5_30817969_30823996	6	3	5	1
chr5_33095903_33102047	13	13	12	9
chr5_33122370_33128395	14	12	0	0
chr5_33568655_33574761	7	35	1	25
chr5_34147845_34154031	19	2	19	2
chr5_3439025_3445063	8	13	5	5
chr5_35396097_35402235	11	17	8	10
chr5_35494184_35500000	14	11	6	9
chr5_35568225_35574246	30	14	23	10
chr5_35911739_35917876	11	37	9	33
chr5_36184263_36190366	4	22	2	19
chr5_38169496_38175529	54	15	38	12
chr5_38625599_38631747	95	81	80	68
chr5_39034329_39040476	1	23	0	10
chr5_39343059_39349181	14	63	13	55
chr5_39787652_39793671	24	19	15	14
chr5_40541305_40547335	25	40	13	32
chr5_41487919_41494088	9	26	7	23
chr5_42254239_42260389	1	2	0	0
chr5_42659631_42665759	2	12	2	10
chr5_42734714_42740780	8	9	6	3
chr5_42931680_42937866	0	4	0	1
chr5_43260613_43266748	14	51	10	33
chr5_43717953_43723974	5	2	0	0
chr5_44578944_44584955	17	30	17	24
chr5_44668502_44674529	4	5	2	4
chr5_45493599_45499615	5	4	2	1
chr5_45658440_45664470	7	33	7	27
chr5_45743085_45749194	16	74	16	70
chr5_45832860_45838845	1	3	0	1
chr5_4615428_4621437	11	19	9	17
chr5_46193424_46199442	3	48	2	47
chr5_46371372_46377390	5	22	5	22
chr5_50280227_50286251	1	10	0	6
chr5_50330069_50336236	12	74	12	67
chr5_50596109_50602273	10	64	8	58
chr5_51250746_51256770	6	8	5	3
chr5_51304490_51310641	9	8	4	3
chr5_51348667_51354822	3	12	3	9
chr5_51636771_51642771	0	6	0	3
chr5_53660005_53665971	5	7	3	3
chr5_55803330_55809463	4	9	2	5
chr5_57351496_57357526	18	28	7	20
chr5_58288061_58294158	4	48	1	31
chr5_58536154_58542290	1	10	1	8
chr5_58552269_58558283	12	17	11	12
chr5_59394720_59400744	6	6	4	4
chr5_60570768_60576107	5	6	0	0
chr5_61238874_61245001	14	20	8	12
chr5_62798974_62804997	30	29	15	23
chr5_62817292_62823372	20	21	8	13
chr5_63581796_63587933	17	33	14	25
chr5_64129091_64135124	20	35	16	30
chr5_64477092_64483253	11	29	10	27
chr5_64709034_64715065	10	4	3	1
chr5_65164017_65170048	6	5	3	3
chr5_65370262_65376273	8	17	5	16
chr5_67736897_67742931	11	5	6	2
chr5_67757565_67763694	3	1	3	0
chr5_67780007_67786186	10	37	6	30
chr5_67817944_67823959	3	5	1	0
chr5_67889604_67895628	23	9	16	3
chr5_68691640_68697661	1	5	0	0
chr5_71604580_71610593	18	23	11	22
chr5_7193769_7199795	0	7	0	1
chr5_7230590_7236733	2	5	1	3
chr5_72577317_72583458	4	6	2	2
chr5_73874410_73880569	8	11	7	8
chr5_74706305_74712443	21	2	16	0
chr5_75175748_75182091	3	11	3	6
chr5_75642235_75648286	11	5	7	2
chr5_75695698_75701728	2	8	0	0
chr5_75896065_75902234	1	5	1	4
chr5_76032249_76038204	3	11	2	10
chr5_77474802_77480837	16	8	9	7
chr5_78118215_78124355	1	6	0	0
chr5_78452185_78458210	15	8	10	5
chr5_78681963_78688078	5	15	3	13
chr5_78848085_78854204	3	3	1	0
chr5_78866805_78872828	49	52	45	43
chr5_78939282_78945425	7	17	5	15
chr5_79778884_79784938	7	16	4	16
chr5_80391144_80397265	3	17	3	13
chr5_8084215_8090244	1	9	1	3
chr5_81373066_81379495	7	42	6	35
chr5_81591849_81598022	9	41	3	29
chr5_81616090_81622140	27	5	19	2
chr5_82429400_82435423	26	2	12	1
chr5_82932443_82938460	8	17	3	3
chr5_83457799_83463817	55	36	39	24
chr5_83793611_83799642	39	9	11	2
chr5_85638451_85644538	4	17	4	11
chr5_85657593_85663641	4	4	3	3
chr5_86265809_86271139	2	9	1	8
chr5_86510690_86516743	16	10	0	0
chr5_8730856_8736988	0	8	0	6
chr5_88009454_88015622	0	26	0	12
chr5_88052330_88058345	3	22	2	18
chr5_90073229_90079236	29	19	26	17
chr5_90208331_90214364	21	20	17	17
chr5_90662588_90668637	24	2	7	1
chr5_90816413_90822442	39	50	23	40
chr5_90923630_90929658	5	16	5	9
chr5_91762133_91768161	3	13	2	8
chr5_92193473_92199495	20	9	19	7
chr5_92296968_92302985	8	1	4	0
chr5_93213145_93219176	6	4	2	4
chr5_93261035_93267065	56	7	46	5
chr5_93522544_93529042	5	39	4	28
chr5_96103200_96109249	2	5	1	2
chr5_96303464_96309906	5	28	4	15
chr5_97234257_97240422	4	19	2	17
chr5_97513923_97519943	1	32	0	24
chr5_97717792_97723895	14	48	10	38
chr5_97809914_97815940	20	46	18	40
chr5_98113450_98119596	5	15	5	12
chr5_98546665_98552701	2	7	2	4
chr5_99557743_99563900	5	3	5	3
chr6_100196461_100202490	26	46	17	42
chr6_100354703_100360725	36	44	29	30
chr6_100580586_100586736	11	11	4	3
chr6_101152252_101158269	8	17	2	10
chr6_101788209_101794361	4	19	3	13
chr6_102088197_102094226	2	15	2	10
chr6_102752889_102758907	18	16	14	11
chr6_103491167_103497188	3	6	1	6
chr6_103709031_103715056	11	10	8	5
chr6_104374607_104380755	2	12	2	9
chr6_104489393_104495424	33	13	14	3
chr6_104737315_104743324	7	17	5	13
chr6_105716122_105722275	0	0	0	0
chr6_107854715_107860748	29	11	22	7
chr6_109245218_109251251	3	27	1	16
chr6_111903001_111909020	23	0	13	0
chr6_112421100_112426517	7	39	7	34
chr6_112703745_112709778	3	16	1	12
chr6_112813021_112819047	3	9	1	2
chr6_112914365_112920318	6	5	1	3
chr6_113226487_113232515	27	6	18	4
chr6_113531117_113537147	4	29	1	23
chr6_114720722_114726752	26	3	13	1
chr6_114970386_114976401	14	6	4	0
chr6_115175227_115181228	9	10	7	8
chr6_115960032_115966060	9	28	5	21
chr6_116638696_116644847	16	11	14	8
chr6_117102131_117108163	7	31	7	26
chr6_117181817_117187827	28	8	21	3
chr6_117244752_117250783	12	4	5	3
chr6_117721294_117727439	11	32	10	20
chr6_118426816_118432950	4	20	2	17
chr6_120688739_120694768	1	5	0	3
chr6_120748350_120754492	4	31	3	19
chr6_121162716_121168725	20	6	17	4
chr6_122537169_122543352	2	15	2	11
chr6_123472074_123478070	7	7	4	3
chr6_124407195_124413266	5	12	3	6
chr6_124706843_124712830	7	38	6	32
chr6_124725696_124731722	4	12	3	8
chr6_124804502_124810643	8	14	0	1
chr6_12549192_12555347	0	1	0	0
chr6_126326598_126332742	7	0	5	0
chr6_126673551_126679569	3	2	0	0
chr6_127593292_127599292	2	5	1	1
chr6_128829462_128835615	1	11	1	10
chr6_128905633_128911663	6	13	3	8
chr6_129167160_129173198	35	6	31	4
chr6_130475515_130481667	2	17	2	10
chr6_131234906_131241067	7	18	4	15
chr6_133020691_133026746	12	7	8	5
chr6_135765469_135771509	14	5	12	5
chr6_139210497_139216630	1	9	0	0
chr6_141566105_141572136	6	17	3	8
chr6_141746025_141752036	46	29	36	23
chr6_141814814_141820842	14	10	7	1
chr6_141916863_141922880	17	34	7	27
chr6_141969527_141975701	11	10	10	5
chr6_142577013_142583172	9	14	5	8
chr6_1428614_1434750	4	6	0	2
chr6_143302225_143308357	2	10	2	4
chr6_144041197_144047335	5	47	4	27
chr6_14479992_14486139	4	3	2	2
chr6_145673301_145679421	16	41	15	29
chr6_148858497_148864630	10	14	9	13
chr6_156034135_156040165	5	26	4	12
chr6_156324980_156331010	19	3	11	0
chr6_156361254_156367276	7	5	5	5
chr6_159670614_159676755	0	3	0	3
chr6_16010534_16016561	33	9	19	2
chr6_160679719_160685751	0	0	0	0
chr6_162838592_162844620	16	20	11	16
chr6_162989737_162995762	16	11	8	9
chr6_164702727_164708899	0	3	0	1
chr6_164781960_164787983	1	5	0	3
chr6_18228389_18234361	1	0	0	0
chr6_19220828_19226980	11	1	7	1
chr6_19246948_19253092	34	47	24	36
chr6_22166353_22172500	5	9	4	8
chr6_22174840_22180874	21	3	16	1
chr6_23358988_23365117	2	2	0	2
chr6_23804047_23810075	3	20	2	13
chr6_2417774_2423803	17	15	11	10
chr6_28020757_28026912	1	29	0	18
chr6_28621243_28627390	9	6	7	4
chr6_30080599_30086625	6	8	3	7
chr6_39454557_39460534	46	40	10	15
chr6_39533018_39539230	14	41	6	31
chr6_39736405_39742567	0	5	0	3
chr6_4328754_4334759	6	28	3	15
chr6_44754479_44760501	29	29	20	23
chr6_44870634_44876665	16	12	7	6
chr6_44884629_44890777	2	5	0	1
chr6_45281107_45287253	2	9	2	9
chr6_45669375_45675401	25	16	15	10
chr6_4831172_4836230	0	6	0	1
chr6_48363090_48369117	13	17	10	14
chr6_48737348_48743377	12	5	5	2
chr6_49386880_49392906	21	25	17	19
chr6_49791502_49797511	3	18	2	9
chr6_50343727_50349871	1	31	1	17
chr6_51187669_51193819	2	13	1	3
chr6_51224349_51230496	10	26	5	18
chr6_51874783_51880802	4	17	2	6
chr6_51895656_51901683	9	12	6	7
chr6_52090943_52097103	6	9	2	2
chr6_53400050_53406226	10	29	9	20
chr6_53774041_53780171	10	4	7	0
chr6_54961429_54967437	34	8	22	6
chr6_55363436_55369467	65	8	51	8
chr6_55684657_55690687	7	5	6	4
chr6_56301711_56307870	1	3	1	2
chr6_57334868_57340871	9	11	7	8
chr6_57451781_57457923	0	4	0	0
chr6_58226623_58232747	0	15	0	11
chr6_58393798_58399940	0	12	0	10
chr6_60344718_60350882	0	3	0	0
chr6_60599849_60605969	3	5	3	3
chr6_60616507_60622518	1	7	0	6
chr6_60629792_60635918	2	13	2	6
chr6_60980953_60987074	3	17	3	14
chr6_61047402_61053558	0	5	0	0
chr6_6211664_6217690	11	25	5	19
chr6_6294743_6300768	7	20	7	13
chr6_64389760_64395796	2	9	1	8
chr6_66630834_66636983	2	0	0	0
chr6_67095414_67101549	3	13	1	8
chr6_68283873_68290045	3	2	2	1
chr6_69439539_69445568	1	3	1	3
chr6_69515143_69521169	19	34	17	24
chr6_70010347_70016552	12	10	5	8
chr6_70944092_70950217	5	14	4	13
chr6_72469432_72475586	6	41	6	28
chr6_72570139_72576167	13	33	13	22
chr6_72988654_72994686	8	5	5	2
chr6_73835382_73841425	3	6	2	1
chr6_74337744_74343920	1	14	1	12
chr6_74660015_74666151	2	52	2	32
chr6_74903761_74909912	0	6	0	2
chr6_75899741_75905745	3	17	2	14
chr6_76105618_76111641	14	17	7	11
chr6_76137899_76143882	4	20	3	19
chr6_76900222_76906229	0	9	0	6
chr6_76958965_76964983	7	11	0	5
chr6_77082477_77088496	0	12	0	5
chr6_77251532_77257669	6	11	6	7
chr6_77798491_77804602	5	32	4	12
chr6_77862081_77868224	3	20	2	5
chr6_77991081_77997193	3	11	3	8
chr6_78646742_78652881	11	33	6	26
chr6_7925704_7931830	6	62	3	46
chr6_79284672_79290791	5	23	1	13
chr6_79319638_79325774	0	7	0	3
chr6_7943195_7949299	0	6	0	1
chr6_80492276_80498296	17	44	17	33
chr6_80567938_80573945	15	26	6	16
chr6_81953035_81959176	6	20	5	17
chr6_82101303_82107312	2	12	1	3
chr6_82558403_82564423	55	36	38	29
chr6_83333952_83339981	8	19	3	13
chr6_83797742_83803770	12	14	7	8
chr6_84626355_84632366	0	5	0	1
chr6_85857293_85863437	4	4	2	3
chr6_85952904_85959050	4	9	0	5
chr6_86000000_86005073	0	0	0	0
chr6_86021488_86027515	6	10	6	7
chr6_86236217_86243158	1	5	0	3
chr6_86492121_86498254	7	42	3	28
chr6_86569573_86575720	4	40	2	33
chr6_86665208_86671238	11	17	6	13
chr6_86806663_86812682	16	10	2	4
chr6_86897717_86903738	14	23	8	19
chr6_86921165_86927317	6	37	4	13
chr6_87323278_87329278	5	27	4	9
chr6_8770471_8776512	28	35	17	27
chr6_88406498_88412530	3	3	3	1
chr6_89225263_89231287	13	7	7	5
chr6_90053981_90060141	20	49	9	41
chr6_91047151_91053161	39	14	28	7
chr6_93631588_93637609	93	46	79	37
chr6_93865738_93871783	10	9	5	7
chr6_94197995_94204060	30	3	22	0
chr6_9443747_9449876	2	2	0	1
chr6_94824163_94830307	19	2	9	2
chr6_94851129_94857158	1	3	0	0
chr6_97376538_97382707	0	2	0	0
chr6_98083035_98089205	5	26	2	4
chr6_9810750_9816777	39	24	35	21
chr6_98416502_98422520	10	10	9	8
chr6_98703059_98708329	18	6	13	0
chr6_9882323_9888448	2	25	1	13
chr6_99204281_99210436	5	3	2	3
chr6_9966044_9972049	16	37	8	29
chr6_99823597_99829594	13	6	12	0
chr6_99925836_99931990	4	18	4	13
chr6_99969576_99975717	5	15	3	6
chr7_102780677_102786841	4	2	4	1
chr7_103037829_103043543	15	74	10	57
chr7_104209736_104215889	21	39	16	24
chr7_104276530_104282690	6	47	5	35
chr7_104557650_104563706	38	38	35	24
chr7_107507907_107514058	32	26	32	22
chr7_107646332_107652477	37	41	21	31
chr7_108272748_108278897	13	57	6	41
chr7_108387569_108393732	11	70	9	47
chr7_108937532_108943685	1	3	0	2
chr7_109687136_109693273	6	22	4	13
chr7_109719133_109725270	3	5	1	0
chr7_109794983_109801140	7	46	4	33
chr7_109919039_109925231	6	53	5	38
chr7_110030129_110036289	7	47	5	28
chr7_110472219_110478325	7	15	5	9
chr7_110557531_110563563	29	13	22	9
chr7_110707004_110713024	27	24	16	22
chr7_111243515_111249546	28	9	24	7
chr7_111445694_111451725	19	70	15	63
chr7_111963193_111969223	5	5	4	1
chr7_112916452_112921936	2	19	1	19
chr7_113257696_113263724	24	8	19	6
chr7_113533338_113538585	11	22	6	5
chr7_113742900_113748900	4	25	2	17
chr7_115025114_115031115	8	39	8	25
chr7_115167768_115173789	18	63	10	53
chr7_116371251_116377392	60	68	56	61
chr7_119586709_119592736	20	7	14	4
chr7_122238520_122244551	17	27	17	26
chr7_122278915_122284945	46	18	41	14
chr7_123445190_123451212	6	16	6	11
chr7_124094093_124100210	8	37	6	22
chr7_124979441_124985490	1	6	1	5
chr7_126613401_126619522	5	0	1	0
chr7_130632744_130639197	20	47	19	39
chr7_133889425_133895455	29	23	11	16
chr7_136414180_136420210	7	11	3	8
chr7_136774756_136780783	1	2	1	1
chr7_136831191_136837216	9	16	6	4
chr7_137181608_137187601	15	2	8	2
chr7_137424398_137430564	0	28	0	23
chr7_141062014_141068042	36	16	21	9
chr7_141769961_141776086	10	54	10	29
chr7_141920659_141926712	4	2	0	0
chr7_141980085_141986114	52	54	45	37
chr7_14278870_14285021	5	5	2	5
chr7_143088273_143094435	4	18	1	6
chr7_14313260_14319290	0	7	0	3
chr7_143160218_143166355	0	4	0	1
chr7_145412976_145419111	7	5	6	4
chr7_145966590_145972707	15	69	14	61
chr7_146013558_146019592	6	8	4	7
chr7_14647630_14653668	15	5	10	5
chr7_146905784_146911817	15	24	15	19
chr7_147732040_147738166	3	4	2	0
chr7_147842591_147848623	6	5	3	3
chr7_147862933_147869109	9	64	9	53
chr7_150597094_150602628	1	8	1	3
chr7_150706238_150712266	0	4	0	0
chr7_152060477_152066587	6	10	1	1
chr7_153865655_153871799	0	4	0	2
chr7_15547309_15553333	12	11	5	8
chr7_156909394_156915542	76	55	55	44
chr7_15940231_15946255	10	14	3	8
chr7_16216428_16222457	34	30	24	16
chr7_18985072_18991069	10	28	9	28
chr7_19877681_19883794	0	10	0	4
chr7_19883968_19890109	3	5	3	4
chr7_20067809_20073950	16	44	11	43
chr7_22528296_22534331	20	7	20	7
chr7_23321058_23327074	8	10	7	6
chr7_23822602_23828742	11	15	3	9
chr7_25041860_25047891	11	10	5	7
chr7_25603033_25609049	5	12	1	6
chr7_2743552_2749674	48	67	15	44
chr7_27502208_27508199	30	35	12	26
chr7_29579936_29585963	16	13	1	0
chr7_30414475_30420503	3	8	0	2
chr7_30439242_30445274	45	26	10	8
chr7_30636808_30642830	47	9	33	5
chr7_3121545_3127690	23	18	21	13
chr7_31501202_31507228	5	9	2	6
chr7_31619616_31625782	4	17	1	5
chr7_32081883_32088040	1	16	0	10
chr7_32307744_32313917	11	47	5	29
chr7_32464528_32470565	20	34	16	22
chr7_32682678_32688715	23	6	21	4
chr7_32697653_32703545	9	18	9	17
chr7_32708015_32714180	5	3	1	0
chr7_33521747_33527773	12	6	4	0
chr7_33988616_33994636	46	2	40	2
chr7_34169569_34175587	3	13	0	8
chr7_34200242_34206277	14	33	4	18
chr7_34906239_34912252	14	4	0	0
chr7_35092957_35098972	13	5	12	5
chr7_37120163_37126300	1	8	0	2
chr7_37163342_37169491	3	7	3	4
chr7_37612053_37618072	1	8	1	6
chr7_39007527_39013552	6	3	3	3
chr7_40333760_40339892	1	2	1	1
chr7_43059096_43065116	17	6	16	4
chr7_43773137_43779287	7	18	2	14
chr7_45947419_45953420	6	6	3	1
chr7_48601227_48607497	5	18	5	8
chr7_49680245_49686300	2	8	0	6
chr7_50898842_50904874	8	1	0	0
chr7_51594010_51600147	1	3	0	0
chr7_51889909_51895941	10	2	8	0
chr7_53026321_53032336	5	6	2	2
chr7_54041299_54047468	8	43	8	39
chr7_56506419_56512558	1	17	1	13
chr7_56584796_56590824	2	4	2	1
chr7_57036531_57042552	0	0	0	0
chr7_60960478_60966619	0	8	0	3
chr7_61837998_61844054	5	6	5	6
chr7_63148831_63154859	8	1	8	1
chr7_63534282_63540307	0	0	0	0
chr7_65464494_65470584	2	18	1	14
chr7_66286853_66292884	15	42	14	33
chr7_70197328_70203357	17	17	12	2
chr7_7465092_7471120	38	34	21	26
chr7_76728485_76734513	1	0	1	0
chr7_77084513_77090684	0	0	0	0
chr7_78887745_78893889	3	4	2	0
chr7_79229794_79235811	23	2	14	2
chr7_79941091_79947236	0	3	0	1
chr7_80713105_80719172	4	20	2	13
chr7_8239428_8245573	13	33	7	23
chr7_8298113_8304140	25	20	19	15
chr7_83989325_83995342	15	12	10	9
chr7_84049711_84055730	9	29	5	14
chr7_84062409_84068436	44	12	37	12
chr7_85249854_85255879	6	17	4	12
chr7_85329687_85335739	6	5	0	2
chr7_86340208_86346233	5	2	2	0
chr7_86375397_86380999	4	8	2	5
chr7_87039756_87045768	34	20	23	16
chr7_8726340_8732368	8	6	6	5
chr7_87950137_87956279	5	19	2	11
chr7_88077364_88083495	2	15	0	13
chr7_88551035_88557060	93	13	84	13
chr7_90634134_90640272	0	8	0	3
chr7_91056410_91062550	0	2	0	1
chr7_91389493_91395509	4	17	1	12
chr7_91476684_91482819	2	15	1	4
chr7_91506736_91512867	10	2	5	1
chr7_91583270_91589300	33	40	13	22
chr7_91589650_91595794	11	48	11	44
chr7_91903682_91909706	20	19	11	9
chr7_92183756_92189878	18	8	12	3
chr7_93341964_93347980	18	46	7	18
chr7_9398757_9404781	5	11	0	2
chr7_95831968_95837992	22	37	13	29
chr7_96288293_96294442	16	31	4	17
chr7_96552195_96558214	12	19	7	9
chr7_96579968_96585972	3	18	0	14
chr7_96846650_96852680	8	10	6	2
chr7_97210061_97216165	2	13	0	6
chr7_97613656_97619688	12	16	9	5
chr7_97810373_97816490	6	25	5	20
chr7_99654085_99660201	3	17	0	13
chr7_99809199_99815231	30	34	20	25
chr8_100852321_100858465	8	42	2	16
chr8_101425780_101431879	11	37	3	16
chr8_101671033_101677223	14	117	13	95
chr8_101678069_101684093	84	72	74	66
chr8_101891500_101897529	8	24	2	11
chr8_102132755_102138891	57	83	38	60
chr8_104739851_104745873	32	36	9	19
chr8_105789089_105795234	12	64	6	26
chr8_106023328_106029434	6	24	6	15
chr8_107240608_107246613	46	74	22	51
chr8_107711966_107718092	11	60	11	45
chr8_107889880_107895907	1	4	0	0
chr8_108930482_108936587	16	74	15	61
chr8_10932425_10938427	9	3	5	2
chr8_109858630_109864778	9	39	4	22
chr8_112594005_112600030	39	2	21	1
chr8_114000279_114006307	24	27	18	23
chr8_114162725_114168762	10	34	8	26
chr8_114504030_114510051	22	7	15	5
chr8_114580378_114586371	15	19	12	11
chr8_114631285_114637315	5	7	4	4
chr8_115753161_115759177	32	9	20	6
chr8_116410345_116416460	4	5	1	4
chr8_118531003_118536089	2	5	0	0
chr8_118548537_118554688	4	14	3	2
chr8_118717723_118723853	21	15	19	11
chr8_119159398_119165410	29	17	8	3
chr8_119233946_119239916	20	13	11	6
chr8_119292033_119298187	1	2	0	0
chr8_120644161_120650187	41	48	25	35
chr8_121050690_121056795	14	35	9	18
chr8_121417870_121424035	8	6	1	0
chr8_122244418_122250436	1	18	1	14
chr8_123859986_123866007	54	17	1	0
chr8_126313241_126319040	101	51	63	42
chr8_126341585_126347597	6	97	5	80
chr8_128714351_128720388	17	95	16	81
chr8_128744603_128750663	13	12	6	3
chr8_128759848_128765995	25	25	20	18
chr8_128801232_128807379	5	16	4	10
chr8_128891488_128897521	16	16	13	12
chr8_129152124_129158150	35	21	24	14
chr8_129732686_129738821	9	10	1	0
chr8_131635171_131641188	14	53	14	42
chr8_131770949_131776926	19	8	2	1
chr8_134070756_134076773	7	41	2	32
chr8_135259101_135265130	24	14	12	8
chr8_135335387_135341541	7	39	4	31
chr8_135847335_135853524	8	27	7	18
chr8_135875862_135881890	12	36	12	30
chr8_136190201_136196222	5	45	4	29
chr8_136438074_136444105	1	11	0	4
chr8_137558584_137564612	12	14	5	2
chr8_138042576_138048582	5	11	5	9
chr8_138116165_138122224	3	9	2	5
chr8_138153318_138158990	0	7	0	0
chr8_14803216_14809243	3	3	0	0
chr8_15555981_15562028	4	13	4	11
chr8_15576322_15582323	4	6	2	2
chr8_1607577_1613555	20	2	11	2
chr8_16943968_16949995	1	0	0	0
chr8_21825719_21831739	8	3	4	3
chr8_23645193_23651219	6	14	3	11
chr8_24448685_24454809	9	6	5	1
chr8_24839573_24845719	0	7	0	4
chr8_25730343_25736354	7	4	4	2
chr8_26395612_26401579	13	3	8	1
chr8_27057852_27063983	7	18	2	14
chr8_27113618_27119645	1	3	1	3
chr8_27549392_27555435	1	5	0	2
chr8_31231264_31237418	2	5	0	3
chr8_3288826_3294970	1	6	1	5
chr8_35171472_35177508	1	7	0	4
chr8_35528045_35534071	9	3	9	1
chr8_36195257_36201393	2	5	0	5
chr8_36388573_36394608	0	1	0	1
chr8_36484640_36490531	4	15	3	13
chr8_40016397_40022547	0	4	0	3
chr8_40432212_40438240	2	3	2	0
chr8_40647061_40653096	2	3	1	1
chr8_43260607_43266588	2	5	1	3
chr8_43307287_43313276	1	2	0	0
chr8_47018708_47024752	4	5	0	2
chr8_47095089_47100980	3	7	0	7
chr8_47158290_47164269	3	9	3	8
chr8_47316969_47323101	4	4	3	1
chr8_47484871_47491006	4	27	1	13
chr8_47500000_47505742	137	56	124	54
chr8_4854406_4860419	1	27	0	24
chr8_48793905_48799930	10	38	6	26
chr8_50148415_50154511	2	11	2	10
chr8_50687853_50693402	5	8	3	3
chr8_50777704_50783844	0	22	0	19
chr8_52506484_52512618	8	16	3	15
chr8_53337651_53343813	3	22	3	16
chr8_55049901_55055999	5	5	0	3
chr8_55476428_55482556	0	6	0	2
chr8_56146152_56152289	4	3	1	0
chr8_56415221_56421252	2	3	2	0
chr8_57158641_57164655	20	26	1	6
chr8_58370157_58376173	8	14	1	1
chr8_58914690_58920717	5	11	2	5
chr8_59168655_59174679	15	9	9	9
chr8_59456834_59462972	12	49	11	38
chr8_59869799_59875822	2	6	2	4
chr8_59881856_59888008	0	11	0	4
chr8_6085774_6091899	0	18	0	14
chr8_61115375_61121394	9	2	4	1
chr8_61268015_61274014	0	4	0	1
chr8_61844996_61851156	5	26	4	24
chr8_62800633_62806816	0	20	0	14
chr8_63484306_63490336	3	19	1	16
chr8_63504768_63510892	9	46	9	33
chr8_63797384_63803439	6	18	1	10
chr8_64102228_64108366	1	12	1	10
chr8_64240097_64246124	2	9	0	0
chr8_66949103_66955119	1	22	1	19
chr8_67589906_67596036	4	30	1	11
chr8_68459800_68465948	10	9	9	3
chr8_68743353_68749398	0	2	0	1
chr8_69254219_69260249	79	4	68	3
chr8_69351385_69357434	4	18	4	12
chr8_69843300_69849423	0	4	0	3
chr8_70695179_70701339	1	1	0	0
chr8_71406360_71412376	2	5	1	5
chr8_71451793_71457894	3	71	3	61
chr8_72147447_72153464	29	8	5	4
chr8_72875538_72881588	2	3	0	3
chr8_74015888_74022085	2	21	2	15
chr8_74396360_74402706	3	2	2	1
chr8_74594235_74600252	39	21	38	20
chr8_74866519_74872545	23	3	12	1
chr8_74942646_74948678	6	0	0	0
chr8_75278367_75284402	20	1	16	0
chr8_75324221_75330225	6	8	2	7
chr8_75621331_75627355	8	3	5	1
chr8_76308116_76314119	3	15	3	10
chr8_77088411_77094444	15	9	11	4
chr8_77940513_77946526	3	13	3	8
chr8_78350507_78356689	7	17	6	13
chr8_80003520_80009422	7	25	1	10
chr8_81325854_81331880	8	5	5	1
chr8_81427211_81433232	7	8	0	1
chr8_83447142_83453169	21	47	17	35
chr8_84014870_84020865	3	11	0	4
chr8_84419545_84425573	10	30	4	20
chr8_84464142_84470166	5	13	3	8
chr8_84615570_84621623	3	4	1	2
chr8_8470859_8476906	13	10	8	7
chr8_86586338_86592366	48	14	36	6
chr8_87223230_87229276	42	12	22	6
chr8_87321803_87327829	29	39	24	27
chr8_88148848_88154880	73	26	52	21
chr8_88685705_88691760	19	66	10	60
chr8_89218189_89224363	11	60	3	25
chr8_89373916_89380072	8	11	6	6
chr8_89535240_89541269	14	19	9	11
chr8_90393386_90399530	3	31	3	24
chr8_91191844_91197868	47	9	37	6
chr8_91522091_91528121	20	23	5	9
chr8_91558668_91564687	33	35	28	25
chr8_91787809_91793551	3	21	1	14
chr8_91793551_91799568	4	22	1	18
chr8_91869518_91875534	25	12	20	5
chr8_91891362_91897361	3	66	3	45
chr8_92364192_92370208	54	19	39	11
chr8_92381451_92386828	5	13	1	11
chr8_93405812_93411825	22	11	17	10
chr8_93774362_93780507	9	6	6	1
chr8_95552232_95558265	8	16	2	8
chr8_96116677_96122698	85	42	58	28
chr8_96738472_96744503	7	7	5	2
chr8_97039488_97045633	27	47	15	22
chr8_97295603_97301657	148	80	104	74
chr8_97589585_97595726	5	3	2	1
chr8_98260275_98266293	4	33	3	24
chr8_98584097_98590122	3	21	0	1
chr8_98614445_98620471	49	36	38	19
chr8_98650350_98656495	4	7	2	3
chr8_98694365_98700518	27	9	16	2
chr8_98710156_98716294	12	54	12	49
chr8_98738605_98744745	12	21	0	4
chr8_99081430_99087603	7	25	4	12
chr9_100527228_100533251	40	26	13	14
chr9_100690713_100696743	6	25	0	4
chr9_101102144_101108174	4	17	2	11
chr9_101290800_101296956	2	23	0	4
chr9_102147744_102153764	4	14	2	7
chr9_102217909_102223924	6	7	4	3
chr9_103606282_103612435	5	5	0	0
chr9_105489506_105495647	26	37	23	31
chr9_105563175_105569299	3	19	3	13
chr9_105576167_105582192	91	77	83	61
chr9_105785075_105791210	0	2	0	1
chr9_106181588_106187641	24	17	13	6
chr9_108026592_108032734	10	14	7	11
chr9_108501091_108507115	9	9	0	0
chr9_109835393_109841527	6	12	1	2
chr9_110000010_110006173	8	12	7	8
chr9_110229429_110235911	3	19	1	10
chr9_110417102_110423126	23	37	19	26
chr9_110791097_110797129	36	70	23	49
chr9_112798107_112804159	35	19	10	12
chr9_113437560_113443590	25	13	11	8
chr9_117066017_117072036	33	25	31	21
chr9_119169116_119175132	18	11	10	1
chr9_119621304_119627350	30	93	28	77
chr9_120055235_120061264	44	69	36	48
chr9_122408633_122414773	10	22	8	14
chr9_12333994_12340033	5	42	1	36
chr9_123903370_123909365	28	24	16	16
chr9_125010048_125016177	26	74	23	62
chr9_13037883_13043909	44	25	24	23
chr9_139648_145712	0	0	0	0
chr9_14663995_14670015	34	5	28	1
chr9_14870656_14876831	8	18	3	6
chr9_15628037_15634187	12	24	10	15
chr9_1569017_1575045	38	17	29	13
chr9_1583448_1589502	3	21	2	10
chr9_17263044_17269181	4	5	1	3
chr9_1749540_1755665	4	6	2	6
chr9_17539561_17545580	11	23	8	11
chr9_18644386_18650544	1	5	0	2
chr9_18711233_18717230	2	51	1	34
chr9_18839036_18845184	1	7	0	3
chr9_19536200_19542230	0	16	0	7
chr9_22348829_22354859	26	3	16	3
chr9_22502880_22509012	13	7	10	5
chr9_229903_236050	12	4	8	0
chr9_23105114_23111270	0	8	0	7
chr9_24224676_24230670	0	4	0	3
chr9_24574536_24580564	2	4	0	1
chr9_26249770_26255795	10	23	1	12
chr9_27690519_27696535	2	28	1	16
chr9_28348134_28354162	0	3	0	2
chr9_30106864_30112891	5	5	4	1
chr9_30539475_30545465	1	4	1	1
chr9_31056094_31062222	11	42	5	37
chr9_31294065_31300087	16	14	10	8
chr9_31883172_31889274	0	4	0	1
chr9_32149073_32155113	4	18	4	14
chr9_32710379_32716388	9	3	1	0
chr9_32729016_32735047	21	12	11	8
chr9_34526550_34532701	20	37	8	13
chr9_34761698_34767854	10	7	4	2
chr9_34845598_34851753	2	13	2	4
chr9_40915781_40921920	0	1	0	0
chr9_4605799_4611811	16	6	7	2
chr9_4915073_4921190	3	20	2	15
chr9_6058415_6063780	11	30	11	25
chr9_6135847_6141850	16	5	12	1
chr9_65061993_65068014	11	6	2	0
chr9_65709351_65715424	0	0	0	0
chr9_69434794_69440931	4	9	3	6
chr9_69477107_69483129	1	14	1	7
chr9_69506051_69512070	1	25	1	16
chr9_74424274_74430304	14	22	6	20
chr9_75701100_75707247	6	15	1	5
chr9_7712932_7719043	7	12	4	6
chr9_79097851_79103879	8	8	3	2
chr9_79438972_79444977	12	10	7	4
chr9_80654116_80660135	9	4	5	2
chr9_80741662_80747689	4	15	2	6
chr9_81217155_81223297	3	20	3	10
chr9_82751810_82757866	3	6	2	2
chr9_82769371_82775374	1	29	1	20
chr9_83049539_83055571	65	14	37	7
chr9_83222905_83228949	99	46	59	36
chr9_85071665_85077678	12	20	4	5
chr9_85717679_85723818	4	53	2	40
chr9_86157088_86163107	7	31	5	23
chr9_86377466_86383626	1	12	1	7
chr9_86606053_86612054	40	48	23	39
chr9_87041882_87047900	65	67	54	52
chr9_87902138_87908249	8	35	7	28
chr9_90149604_90155634	4	39	3	22
chr9_91225551_91231568	23	25	15	13
chr9_92082239_92088398	3	14	3	8
chr9_92214408_92220428	28	44	21	32
chr9_92900099_92906066	3	19	0	10
chr9_94089082_94095103	13	82	10	67
chr9_94113535_94119565	28	26	23	17
chr9_95697585_95703604	34	46	19	37
chr9_96797005_96803185	8	14	6	7
chr9_97205143_97211302	0	7	0	5
chr9_97580993_97587031	43	24	23	12
chr9_9931213_9937220	1	4	0	1
chrUn_GL000214v1_39518_45655	0	0	0	0
chrUn_KI270442v1_343833_349866	0	14	0	11
chrUn_KI270512v1_9432_15451	0	0	0	0
chrUn_KI270751v1_58557_64694	0	0	0	0
chrX_100255486_100261633	3	22	3	19
chrX_100550262_100555448	3	0	0	0
chrX_101524342_101530496	2	11	0	4
chrX_101580035_101586192	8	3	4	2
chrX_101711073_101717106	11	10	9	8
chrX_102685896_102692023	0	0	0	0
chrX_102871176_102877321	2	17	2	14
chrX_103891506_103897537	9	9	8	7
chrX_104026871_104032902	12	7	6	4
chrX_104360639_104366787	3	18	1	11
chrX_104672099_104678122	5	14	1	11
chrX_104904301_104910378	2	5	2	4
chrX_105796906_105802919	22	19	5	8
chrX_105959686_105965737	0	4	0	2
chrX_106469285_106475319	17	13	13	9
chrX_107155767_107161785	0	1	0	0
chrX_107364336_107370349	10	20	6	8
chrX_108277015_108283183	4	12	2	5
chrX_109113307_109119363	0	6	0	1
chrX_110605828_110611851	2	5	2	2
chrX_110816764_110822773	12	5	10	4
chrX_110898394_110904467	6	7	6	6
chrX_111588704_111594727	11	3	4	2
chrX_112326145_112332160	6	20	3	11
chrX_112590123_112596271	1	7	0	5
chrX_112718609_112724627	14	25	12	21
chrX_113337822_113343853	14	18	5	13
chrX_114720516_114726531	1	10	0	7
chrX_114830697_114836732	3	10	0	5
chrX_115080436_115086611	0	2	0	0
chrX_116159201_116165340	3	2	3	1
chrX_116964806_116970835	5	9	4	2
chrX_11707248_11713279	12	7	9	7
chrX_117260691_117266821	2	11	0	9
chrX_117727933_117733746	9	14	3	9
chrX_117827446_117833592	1	0	0	0
chrX_118241706_118247865	3	8	1	3
chrX_11935296_11941314	0	0	0	0
chrX_119435468_119441493	12	17	8	8
chrX_121531198_121537361	11	16	5	14
chrX_121877356_121883520	0	23	0	21
chrX_123648005_123654416	3	15	3	13
chrX_124104425_124110535	1	2	1	0
chrX_124582570_124588702	3	9	1	3
chrX_124751493_124757642	2	3	2	2
chrX_125608955_125614969	5	29	4	26
chrX_125838860_125845012	5	15	2	13
chrX_126104124_126110137	0	2	0	1
chrX_126185218_126191252	5	4	4	2
chrX_126229456_126235427	10	33	6	22
chrX_127116697_127122729	3	7	3	4
chrX_127250463_127256492	8	23	6	20
chrX_127362223_127368248	6	7	4	5
chrX_128732737_128738890	3	14	3	14
chrX_128782654_128788670	2	2	0	2
chrX_129337055_129343063	0	1	0	1
chrX_130517377_130523407	6	10	2	6
chrX_130567667_130573661	7	0	0	0
chrX_130958931_130964957	6	12	4	6
chrX_131123218_131129243	4	13	0	12
chrX_131152270_131158293	10	6	6	2
chrX_131245544_131251574	27	4	18	2
chrX_13132317_13138466	9	34	5	16
chrX_131378334_131384369	4	8	0	4
chrX_131524490_131530619	5	6	4	5
chrX_131578680_131584735	33	27	22	21
chrX_131663952_131669984	8	5	3	2
chrX_132156145_132162158	8	12	4	8
chrX_132244038_132250171	1	4	0	0
chrX_132284468_132290617	0	24	0	10
chrX_133621186_133627320	5	13	5	10
chrX_134044163_134050309	5	3	2	2
chrX_136440268_136446301	12	9	8	3
chrX_137074722_137080869	11	4	2	1
chrX_137672117_137678261	4	8	2	3
chrX_138778307_138784350	12	3	8	1
chrX_139259549_139265701	0	8	0	5
chrX_139989004_139995163	9	17	8	15
chrX_14103920_14109975	2	12	0	7
chrX_141421202_141427246	0	2	0	0
chrX_142338123_142344150	13	19	12	16
chrX_142385590_142391622	17	4	13	0
chrX_142477849_142483853	17	35	17	31
chrX_146227925_146234095	4	17	1	14
chrX_14683910_14688939	6	5	1	3
chrX_147142048_147148161	0	5	0	1
chrX_147653734_147659767	5	5	4	2
chrX_14809194_14815329	0	2	0	2
chrX_148123449_148129475	2	2	1	2
chrX_149178166_149184185	2	7	2	3
chrX_149334009_149340027	5	16	2	10
chrX_14969001_14975122	1	4	1	4
chrX_151330320_151336351	15	7	6	1
chrX_152006771_152013066	0	13	0	8
chrX_152235997_152242028	4	22	3	19
chrX_152544525_152550550	9	29	8	20
chrX_152581914_152588056	0	8	0	5
chrX_152835297_152841440	11	23	3	8
chrX_155197626_155203769	3	15	1	8
chrX_155299575_155305601	53	18	46	14
chrX_155421974_155428112	16	11	10	3
chrX_155516016_155522048	24	7	16	5
chrX_16230649_16236856	9	31	4	19
chrX_16360076_16366218	4	26	3	17
chrX_17342483_17348512	2	5	0	4
chrX_17781376_17787389	2	3	0	0
chrX_18734131_18740262	7	32	7	27
chrX_19142668_19148700	14	19	12	13
chrX_19940253_19946296	36	47	27	36
chrX_21339463_21345718	4	39	4	34
chrX_23238516_23244575	6	2	6	2
chrX_23357661_23363791	5	32	1	13
chrX_23645908_23651833	4	8	4	6
chrX_26314417_26320446	1	10	1	5
chrX_28362090_28368221	1	3	0	1
chrX_29981730_29987885	4	6	4	5
chrX_31077316_31083463	1	13	0	3
chrX_32730898_32736929	6	18	6	11
chrX_34415190_34421162	2	18	2	17
chrX_36170297_36176324	1	13	1	11
chrX_36465194_36471217	7	5	2	3
chrX_37628446_37634592	0	2	0	2
chrX_42004299_42010329	33	44	29	43
chrX_42202163_42208183	39	6	30	4
chrX_42424860_42430890	19	7	13	2
chrX_42589683_42595809	3	4	1	1
chrX_42650741_42656856	0	3	0	2
chrX_42810743_42816960	3	15	1	5
chrX_43670449_43676596	8	1	1	0
chrX_46655357_46661385	9	17	5	15
chrX_47783671_47789697	1	6	1	4
chrX_48433480_48438697	4	11	4	11
chrX_50019456_50025505	20	2	9	1
chrX_50060143_50066175	28	4	17	1
chrX_51262091_51268161	0	5	0	5
chrX_51427448_51433599	0	0	0	0
chrX_51512321_51518344	28	29	27	28
chrX_51531585_51537594	5	4	2	2
chrX_51991320_51997421	2	2	1	0
chrX_52222105_52228125	2	10	0	7
chrX_54118685_54124744	9	6	4	2
chrX_5480456_5486466	1	0	1	0
chrX_55396514_55402659	4	28	4	18
chrX_55681153_55687183	2	13	2	12
chrX_55768921_55775044	11	33	9	31
chrX_56047265_56053280	8	41	8	36
chrX_56581519_56587672	10	31	3	23
chrX_56695884_56701916	10	6	6	5
chrX_57157849_57163886	14	4	8	4
chrX_57629388_57635409	30	12	20	11
chrX_57708529_57714653	6	15	2	13
chrX_62517103_62523125	2	0	0	0
chrX_63492091_63498252	22	17	20	17
chrX_63519156_63525277	2	14	2	11
chrX_63597195_63603223	7	19	7	17
chrX_64013267_64019286	0	9	0	5
chrX_64131878_64137907	1	4	0	4
chrX_64252345_64258375	0	16	0	10
chrX_64296582_64302591	4	5	3	2
chrX_65053110_65059224	0	2	0	0
chrX_65614680_65620735	27	19	15	12
chrX_66180696_66186728	0	5	0	1
chrX_66686993_66693129	7	21	6	18
chrX_66924856_66930874	4	7	4	2
chrX_66942792_66948817	0	1	0	1
chrX_67488333_67494506	1	9	0	3
chrX_67626635_67632661	4	6	4	3
chrX_68216915_68222939	24	3	15	3
chrX_68736250_68742398	7	11	1	5
chrX_69350757_69356897	0	5	0	3
chrX_69783286_69789318	1	9	0	7
chrX_69822696_69828728	4	18	4	15
chrX_70638902_70644939	37	10	31	7
chrX_71897087_71903211	0	5	0	3
chrX_72440593_72446687	11	23	8	17
chrX_72980711_72986876	3	22	1	15
chrX_73106142_73112170	6	2	4	2
chrX_73116909_73122938	2	8	1	8
chrX_73184900_73190725	0	13	0	13
chrX_73380991_73387013	14	32	13	22
chrX_74033943_74040075	3	8	3	6
chrX_74788952_74795000	33	18	24	10
chrX_74872993_74879015	12	2	12	0
chrX_75183022_75189043	20	11	11	11
chrX_75231937_75237961	1	14	1	8
chrX_75555159_75561178	12	4	10	1
chrX_75561270_75567303	6	4	6	2
chrX_75586528_75592512	0	1	0	0
chrX_7587592_7593752	23	11	18	6
chrX_76046791_76052939	13	7	9	7
chrX_76068803_76074837	2	4	0	1
chrX_76233354_76239154	12	41	8	34
chrX_76267405_76273429	8	14	8	12
chrX_76322775_76328806	7	9	5	1
chrX_76660277_76666402	2	24	2	20
chrX_76720028_76726045	2	16	2	15
chrX_76882208_76888356	1	9	1	7
chrX_76924366_76930511	4	30	4	27
chrX_76978611_76984765	1	0	1	0
chrX_77089274_77095414	1	11	1	9
chrX_78152445_78158029	4	24	3	19
chrX_78188849_78195000	4	0	3	0
chrX_78466225_78472391	0	12	0	11
chrX_79205683_79211833	1	15	1	11
chrX_79765605_79771625	8	25	5	20
chrX_79926799_79932829	3	14	3	12
chrX_80151302_80157458	2	20	1	17
chrX_80405241_80411257	7	3	5	2
chrX_80462184_80468712	0	21	0	16
chrX_80976869_80982806	11	10	8	5
chrX_81026834_81032986	3	12	1	0
chrX_81339892_81345906	3	8	3	1
chrX_81841153_81847184	5	2	4	2
chrX_83059584_83065637	6	14	4	11
chrX_83407135_83413200	0	5	0	2
chrX_83542396_83548420	3	1	0	0
chrX_83750500_83756648	1	2	0	0
chrX_85529213_85535230	10	9	7	6
chrX_86113292_86119348	7	10	5	8
chrX_86969631_86975651	6	4	1	0
chrX_87116306_87122337	4	9	3	4
chrX_87443100_87449269	4	5	4	5
chrX_87821407_87827419	4	2	3	1
chrX_88207885_88213919	0	6	0	2
chrX_88781409_88787562	3	8	0	3
chrX_89292629_89298657	2	0	0	0
chrX_91627096_91633253	1	0	0	0
chrX_91752800_91758828	1	0	0	0
chrX_91819650_91825702	0	1	0	0
chrX_92215061_92221212	12	40	11	35
chrX_93939741_93945900	16	2	12	1
chrX_94862375_94868400	4	15	4	14
chrX_96057824_96063842	5	16	2	11
chrX_96269391_96275726	5	4	3	2
chrX_97509510_97515511	7	8	0	3
chrX_98300352_98306364	3	21	1	17
chrX_99234633_99240760	0	3	0	0
chrY_5606144_5612199	0	0	0	0
chrY_6626784_6632798	0	0	0	0
__no_feature	172852470	686860049	161225472	644555451
__ambiguous	0	2	0	0
__too_low_aQual	0	0	0	0
__not_aligned	0	0	0	0
__alignment_not_unique	0	0	0	0
