id	ip.a.counts	input.a.counts	ip.u.counts	input.u.counts
chr10_100406330_100412500	5	7	0	0
chr10_10069374_10075458	1	13	0	2
chr10_104719978_104726123	3	7	1	1
chr10_105377346_105383377	0	9	0	0
chr10_105550203_105556235	3	14	0	2
chr10_105735717_105741873	0	6	0	0
chr10_105775520_105781551	3	2	0	1
chr10_10650857_10656884	2	9	0	0
chr10_106844583_106850610	1	6	0	0
chr10_108113943_108120006	13	11	0	0
chr10_108310130_108316139	1	3	0	0
chr10_108532477_108537868	4	37	4	30
chr10_109131414_109137559	6	43	5	33
chr10_109223621_109229635	4	31	3	25
chr10_109652357_109658473	17	8	14	2
chr10_109681560_109687714	2	7	0	4
chr10_109795499_109801544	1	4	0	0
chr10_109825817_109831846	13	0	4	0
chr10_111043140_111049281	3	11	1	0
chr10_111583927_111589948	2	3	0	0
chr10_111813807_111819830	1	6	0	0
chr10_112062391_112068402	5	16	3	10
chr10_112103925_112109951	0	6	0	0
chr10_115362336_115368543	13	4	0	0
chr10_115581746_115587785	15	2	8	0
chr10_117079038_117085063	17	11	10	2
chr10_11731436_11737465	20	12	9	3
chr10_117832895_117838887	25	11	18	4
chr10_120234299_120240325	0	1	0	0
chr10_120910959_120916983	14	4	0	0
chr10_125945237_125951250	5	4	0	0
chr10_126676471_126682458	2	3	0	0
chr10_126881867_126887893	5	7	0	0
chr10_129732560_129738580	9	4	0	0
chr10_1302016_1308092	12	5	0	0
chr10_131504576_131510718	3	13	1	5
chr10_132087710_132093874	6	4	2	1
chr10_15915731_15921753	8	4	0	0
chr10_17717877_17722977	6	8	0	0
chr10_18030651_18036675	9	2	2	0
chr10_18627418_18633448	1	10	0	0
chr10_19088601_19094618	10	3	0	0
chr10_19581231_19587252	0	13	0	6
chr10_20291416_20297572	2	12	0	2
chr10_20459681_20465829	0	4	0	0
chr10_20525714_20531846	2	2	0	0
chr10_20555404_20561597	8	9	6	5
chr10_20751667_20757692	6	12	0	0
chr10_22060724_22066859	0	6	0	0
chr10_22403137_22409152	12	6	6	1
chr10_23589779_23595933	2	11	2	4
chr10_23666416_23672562	0	12	0	4
chr10_23851013_23857162	2	10	0	0
chr10_25247314_25253340	12	10	0	0
chr10_25515369_25521391	17	3	0	0
chr10_27299253_27305370	0	3	0	0
chr10_27418271_27424390	6	10	0	0
chr10_31443412_31449437	8	15	0	1
chr10_31469210_31475223	3	5	0	0
chr10_32558677_32564814	0	5	0	0
chr10_32699054_32705157	5	8	4	3
chr10_32714106_32720586	3	3	1	0
chr10_33510845_33516876	6	4	0	0
chr10_35473782_35479771	9	4	0	1
chr10_35858668_35864695	1	5	0	0
chr10_37038753_37044909	2	7	0	1
chr10_37896970_37902988	20	7	0	0
chr10_39508152_39514160	3	1	0	0
chr10_41749404_41755349	2	20	2	19
chr10_41797910_41803897	1	6	0	0
chr10_42435381_42441412	0	4	0	0
chr10_42526228_42532221	15	4	5	1
chr10_42665128_42671301	4	7	4	6
chr10_43716710_43722842	3	15	3	1
chr10_44268315_44274469	0	4	0	0
chr10_45009173_45015196	0	4	0	0
chr10_45362159_45368173	1	20	1	18
chr10_50782474_50788587	1	30	1	10
chr10_5174970_5181139	10	6	7	0
chr10_51941454_51947615	10	5	5	2
chr10_5222679_5228851	6	16	0	0
chr10_52233328_52239334	4	4	0	0
chr10_52360195_52366339	4	9	2	4
chr10_5245354_5251383	9	5	0	0
chr10_52730355_52736527	0	9	0	1
chr10_53494006_53500000	9	22	6	17
chr10_55601875_55607910	0	8	0	4
chr10_55683076_55689092	3	4	2	0
chr10_55899641_55905708	1	1	0	0
chr10_56442079_56448236	0	4	0	0
chr10_58675839_58681636	0	3	0	0
chr10_59037844_59043990	2	17	0	7
chr10_59470127_59475776	10	38	8	28
chr10_60692960_60698897	0	5	0	0
chr10_62602750_62608755	9	13	0	0
chr10_62672214_62678359	18	15	15	6
chr10_6369617_6375667	17	8	0	0
chr10_63944638_63950772	5	11	2	0
chr10_64015342_64021547	1	2	1	0
chr10_64924285_64930261	4	3	0	0
chr10_66442673_66448861	0	2	0	0
chr10_67230665_67236674	10	33	5	29
chr10_67387044_67393069	15	12	3	0
chr10_67558505_67564644	14	8	2	1
chr10_6804143_6810301	7	36	7	26
chr10_73323334_73329500	7	27	4	11
chr10_74216880_74223021	6	12	0	0
chr10_75558530_75564686	0	16	0	0
chr10_76142708_76148837	7	20	4	3
chr10_76846210_76852331	1	16	1	14
chr10_78088450_78094479	5	7	0	0
chr10_78676493_78682651	0	8	0	0
chr10_79956165_79962310	2	17	0	10
chr10_80722509_80728544	18	6	3	0
chr10_81709615_81715642	15	8	0	0
chr10_82344062_82350086	6	6	1	0
chr10_83781056_83787087	10	21	4	8
chr10_84279967_84286006	1	10	0	0
chr10_84756878_84762878	4	13	0	1
chr10_84773056_84779262	2	6	0	0
chr10_85355506_85361538	11	6	0	0
chr10_85769340_85775490	3	10	0	0
chr10_85876618_85882780	2	5	0	1
chr10_88628462_88634738	0	1	0	0
chr10_90153450_90159478	57	46	50	31
chr10_90250613_90256635	12	9	0	0
chr10_91503263_91509287	19	7	0	0
chr10_91749615_91755638	0	8	0	0
chr10_93520973_93527095	4	10	4	6
chr10_94824660_94830681	2	1	0	0
chr10_95079215_95085109	0	7	0	0
chr10_9519878_9526029	6	9	0	1
chr10_98782941_98788971	5	5	0	0
chr10_99099016_99105074	4	12	0	2
chr10_99152737_99158758	11	4	0	1
chr11_100285746_100291751	3	3	0	0
chr11_100409041_100415069	7	13	4	11
chr11_100451858_100457873	12	1	8	0
chr11_100475720_100481744	4	7	0	0
chr11_101678417_101684557	1	1	1	0
chr11_10173147_10179353	3	1	0	0
chr11_101852489_101858627	1	4	0	0
chr11_102741437_102747464	0	1	0	0
chr11_103386499_103392632	2	2	0	0
chr11_105016295_105022323	5	14	2	10
chr11_107361810_107367839	24	1	0	0
chr11_107372762_107378780	11	4	0	0
chr11_108260626_108266643	14	6	0	0
chr11_108356931_108362967	5	15	0	0
chr11_108373544_108379636	22	7	4	1
chr11_108444619_108450784	1	4	1	3
chr11_109177494_109183526	2	5	0	0
chr11_110382810_110388912	4	16	0	13
chr11_112678555_112684569	1	2	0	0
chr11_113656606_113662757	3	5	0	0
chr11_114625663_114631683	1	2	0	1
chr11_114633465_114639620	3	2	1	2
chr11_115966933_115973116	0	17	0	6
chr11_116004927_116011056	0	1	0	0
chr11_11711306_11717431	0	6	0	2
chr11_121172190_121178325	0	7	0	0
chr11_125536609_125542640	0	3	0	0
chr11_127776695_127782718	0	4	0	0
chr11_128140057_128146214	0	9	0	0
chr11_129155774_129162305	4	9	3	4
chr11_129338915_129344902	0	14	0	10
chr11_132320160_132326183	3	4	0	0
chr11_13623018_13629231	5	5	0	0
chr11_14628166_14634160	27	9	7	1
chr11_14661315_14667447	27	9	10	2
chr11_14715908_14721938	9	1	0	0
chr11_16141388_16147513	1	6	0	2
chr11_16520489_16526642	2	4	0	0
chr11_18658797_18664912	0	2	0	0
chr11_19581371_19587519	1	18	0	13
chr11_21271922_21278061	1	7	0	0
chr11_22016002_22022021	0	1	0	0
chr11_22284807_22290788	18	2	0	0
chr11_22523178_22529212	12	19	6	9
chr11_22646925_22652945	12	6	4	1
chr11_23028117_23034138	0	11	0	0
chr11_23298136_23304191	8	12	0	0
chr11_24327951_24334001	3	3	0	0
chr11_25275325_25281473	1	11	0	0
chr11_25425132_25431158	0	5	0	0
chr11_26451095_26457233	1	8	0	0
chr11_26965118_26971134	14	9	0	0
chr11_27219703_27225730	21	7	3	4
chr11_27939073_27945209	4	2	0	0
chr11_28216563_28222701	3	5	0	1
chr11_28372620_28378682	1	9	0	0
chr11_30051207_30057234	3	10	0	3
chr11_30263143_30269287	2	9	0	0
chr11_31315654_31321680	13	6	1	1
chr11_31329394_31335540	0	4	0	2
chr11_31544010_31550144	8	7	0	0
chr11_31740753_31746893	15	17	0	0
chr11_32941250_32947256	16	12	0	0
chr11_33624757_33630805	2	18	0	15
chr11_35702778_35708923	3	5	2	3
chr11_35754504_35760643	2	3	0	1
chr11_36551606_36557636	26	8	8	3
chr11_37240712_37246716	26	25	9	14
chr11_38191740_38197885	1	3	0	2
chr11_39846656_39852654	4	6	0	0
chr11_39881060_39887029	1	9	0	5
chr11_40910564_40916694	2	7	2	0
chr11_4170252_4176276	1	7	0	0
chr11_42376823_42382954	0	0	0	0
chr11_42940332_42946342	4	3	1	0
chr11_43346101_43352118	6	10	0	0
chr11_45122414_45128497	1	6	0	0
chr11_48292435_48297811	0	12	0	8
chr11_48611749_48617901	6	13	4	9
chr11_48847694_48853724	10	4	0	0
chr11_49725283_49731317	1	2	0	0
chr11_49775119_49781151	0	2	0	2
chr11_54708574_54714707	0	4	0	2
chr11_54946966_54952988	13	25	11	22
chr11_55685638_55691665	6	3	0	0
chr11_56549045_56555051	0	6	0	0
chr11_59015244_59021381	1	4	0	0
chr11_60435417_60441441	17	7	0	1
chr11_60532161_60538190	7	6	0	0
chr11_6143657_6149454	9	7	1	0
chr11_6185350_6191366	4	4	0	2
chr11_63072955_63079111	2	8	0	0
chr11_63344422_63350438	3	2	0	0
chr11_63435303_63441326	2	10	0	0
chr11_6948755_6954881	0	1	0	0
chr11_71511047_71517198	4	18	0	0
chr11_74877463_74883532	6	2	0	0
chr11_74887437_74893565	2	13	1	11
chr11_75748616_75754649	9	21	0	0
chr11_7658148_7664171	6	5	2	1
chr11_76963833_76969955	2	14	2	2
chr11_7861034_7867070	1	5	0	0
chr11_78677772_78683802	21	13	0	0
chr11_79552653_79558680	5	8	0	0
chr11_81534298_81540421	2	9	2	7
chr11_82155865_82161891	8	19	0	0
chr11_83266134_83272255	2	22	0	0
chr11_83587648_83593656	11	8	0	0
chr11_83883955_83890123	1	7	0	4
chr11_8396496_8402626	1	3	0	0
chr11_85324758_85330821	20	9	0	0
chr11_85542991_85549441	2	16	1	16
chr11_86525882_86531985	4	16	0	0
chr11_86597959_86604108	7	11	1	0
chr11_86650612_86656759	0	7	0	0
chr11_86824478_86830636	1	5	0	0
chr11_87047304_87053192	16	2	0	0
chr11_87340031_87346061	13	5	0	0
chr11_87618151_87624199	0	14	0	4
chr11_87758408_87764544	2	16	2	10
chr11_88986995_88993027	0	2	0	0
chr11_89313260_89319255	7	2	7	1
chr11_89744187_89750239	1	1	1	0
chr11_90400067_90406098	1	6	0	0
chr11_90685702_90691834	2	11	0	0
chr11_90966271_90972302	20	6	16	2
chr11_92026888_92033124	17	4	2	0
chr11_92169399_92175577	8	12	3	5
chr11_93439098_93445217	0	9	0	4
chr11_94036857_94042888	13	13	0	0
chr11_94232524_94238528	34	57	22	37
chr11_94384355_94390332	0	1	0	0
chr11_9540333_9546363	0	3	0	0
chr11_95436216_95442246	3	2	0	0
chr11_96405620_96411665	0	5	0	0
chr11_96771827_96777820	2	8	0	5
chr11_97040160_97046278	0	5	0	0
chr11_98324881_98330921	3	2	1	0
chr12_100636823_100642967	1	5	0	0
chr12_101146043_101152064	6	10	0	0
chr12_102307781_102313768	23	4	1	1
chr12_102827177_102833208	13	7	0	0
chr12_103434388_103440411	5	5	0	2
chr12_103608441_103613835	1	6	0	1
chr12_104878332_104884474	0	8	0	4
chr12_105245853_105251970	5	7	0	0
chr12_105628261_105634450	47	45	27	31
chr12_105776064_105782085	13	14	0	0
chr12_106471865_106477891	13	4	2	1
chr12_111829162_111835315	2	14	0	4
chr12_112621197_112627228	21	3	0	0
chr12_11297656_11303685	4	5	4	1
chr12_115285122_115291136	7	1	0	0
chr12_119104817_119110953	5	5	4	0
chr12_126299023_126305038	3	3	0	0
chr12_127094605_127100631	10	10	5	5
chr12_127865855_127871882	0	17	0	2
chr12_128491850_128497975	2	24	0	5
chr12_129037558_129043695	1	9	0	4
chr12_129800701_129806706	2	15	0	0
chr12_13391606_13397632	39	5	0	0
chr12_16377145_16383292	2	6	2	0
chr12_17699378_17705544	1	4	0	0
chr12_17768360_17774389	3	6	0	0
chr12_17855568_17861565	8	9	0	1
chr12_18785211_18791371	5	24	5	15
chr12_19728689_19734844	2	6	0	2
chr12_20667835_20673859	1	5	1	2
chr12_21209060_21215087	7	10	0	2
chr12_21395009_21401039	6	19	4	11
chr12_22400101_22406177	0	5	0	0
chr12_23070636_23076652	0	9	0	0
chr12_25536714_25542734	10	2	0	0
chr12_26669557_26675709	12	9	3	3
chr12_27404617_27410753	3	7	0	4
chr12_29406310_29412472	10	9	4	3
chr12_29809726_29815750	4	10	0	0
chr12_29909925_29916045	0	5	0	2
chr12_30588353_30594511	4	14	3	9
chr12_31163074_31169094	3	0	0	0
chr12_31550066_31556205	3	11	0	1
chr12_33520769_33526864	0	2	0	0
chr12_33772866_33779014	0	3	0	0
chr12_3392214_3398233	22	13	7	10
chr12_33930454_33936566	3	6	0	0
chr12_34066822_34072846	6	9	0	4
chr12_34608506_34614654	0	3	0	2
chr12_34667083_34673103	2	8	0	3
chr12_3500000_3505228	17	9	0	0
chr12_370612_376718	2	2	0	0
chr12_37317876_37323907	2	14	1	3
chr12_38799646_38805673	6	11	0	0
chr12_38963466_38969603	0	8	0	0
chr12_39699134_39705085	6	9	2	4
chr12_39745958_39752060	3	11	0	3
chr12_39978316_39984339	3	0	0	0
chr12_41081468_41087471	6	6	2	1
chr12_41637415_41643440	9	14	2	3
chr12_41666304_41672330	1	2	0	0
chr12_41672452_41678469	21	6	15	4
chr12_41973167_41979337	13	28	4	8
chr12_42062980_42069120	6	15	3	6
chr12_42111145_42117288	8	16	2	8
chr12_43227726_43233750	26	26	6	3
chr12_43470973_43477008	6	13	0	0
chr12_43906481_43912505	3	21	1	0
chr12_44108220_44114234	23	3	0	0
chr12_44681417_44687432	7	10	2	1
chr12_44741317_44747454	1	10	0	0
chr12_44931705_44937851	1	2	0	0
chr12_44950958_44956988	6	6	0	0
chr12_4508895_4514901	12	7	0	0
chr12_45370846_45376865	13	9	2	1
chr12_46283516_46289653	1	1	0	0
chr12_46307044_46313162	0	21	0	5
chr12_46420944_46427078	2	2	0	0
chr12_46539930_46546054	3	29	2	6
chr12_46617497_46623643	1	4	0	0
chr12_46991807_46997956	2	6	0	0
chr12_47426904_47432928	8	8	0	0
chr12_48320193_48326175	5	8	1	1
chr12_5116426_5122428	1	5	0	0
chr12_51562631_51568657	3	10	0	1
chr12_5284940_5290958	0	8	0	0
chr12_54788573_54794627	15	3	0	0
chr12_54882885_54889034	4	10	4	5
chr12_55081365_55087407	3	14	0	0
chr12_55096256_55102283	7	16	0	0
chr12_55161585_55167616	16	20	9	10
chr12_55344249_55350274	2	6	1	2
chr12_55484008_55490018	4	12	0	1
chr12_55504697_55510839	2	14	0	0
chr12_55560427_55566502	2	6	2	0
chr12_55589937_55595956	1	10	0	0
chr12_55598092_55604209	0	24	0	4
chr12_57646479_57652498	4	9	0	0
chr12_58053653_58059697	5	2	0	0
chr12_58109257_58115306	37	20	0	0
chr12_58226938_58233087	10	6	2	0
chr12_58471406_58477554	4	10	0	0
chr12_59751112_59757266	6	25	3	10
chr12_61293783_61299916	1	5	0	0
chr12_61414978_61421115	24	33	9	20
chr12_61941440_61947489	22	40	7	23
chr12_63628081_63634219	3	8	3	5
chr12_64195587_64201638	40	10	0	0
chr12_64287349_64293377	23	7	0	0
chr12_66521519_66527684	3	15	1	0
chr12_66578267_66584409	6	12	0	1
chr12_67843805_67849821	16	24	11	13
chr12_67900208_67906224	14	4	0	0
chr12_69773410_69779441	17	21	0	0
chr12_70765020_70771163	4	4	0	0
chr12_71118072_71124103	10	11	0	0
chr12_72150397_72156542	0	31	0	0
chr12_7251131_7257263	9	3	6	2
chr12_72514640_72520656	8	14	1	5
chr12_72634504_72640519	8	21	1	0
chr12_73147617_73153645	4	12	0	3
chr12_73193623_73199787	3	10	0	0
chr12_73283667_73289668	3	9	0	0
chr12_73394809_73400830	3	13	1	8
chr12_74503521_74509541	2	7	0	1
chr12_74874868_74880901	17	12	1	1
chr12_76319624_76325685	2	21	0	0
chr12_77173381_77179424	14	24	0	0
chr12_77459286_77464442	5	2	0	0
chr12_77653964_77660122	14	20	2	15
chr12_78506430_78512587	3	14	0	0
chr12_79039621_79045645	0	2	0	0
chr12_80144055_80150076	3	9	0	0
chr12_80244169_80250184	18	10	0	0
chr12_80448375_80454445	6	7	0	0
chr12_80461876_80468017	17	32	13	27
chr12_80477525_80483539	1	13	0	5
chr12_81056342_81062394	3	4	0	0
chr12_83584266_83590245	0	19	0	0
chr12_84005904_84011930	8	13	1	1
chr12_85312419_85318459	22	38	12	23
chr12_85785425_85791541	2	19	2	7
chr12_86763875_86770022	5	8	0	0
chr12_87098406_87104423	4	5	0	0
chr12_87393951_87400055	3	8	0	0
chr12_88708857_88714885	22	10	1	0
chr12_90536603_90542635	15	8	0	0
chr12_92313998_92320023	15	11	0	0
chr12_92678206_92684347	4	14	0	0
chr12_95923545_95929565	1	1	0	0
chr12_9627298_9633386	2	6	2	1
chr12_96315942_96321971	0	8	0	0
chr12_96723682_96729837	10	6	1	0
chr12_97349408_97355558	6	23	0	0
chr12_97651133_97657167	2	10	0	2
chr12_97723839_97729872	10	5	1	1
chr12_99315677_99321808	0	4	0	0
chr12_99463307_99469450	1	11	0	0
chr13_100698082_100704117	6	4	0	0
chr13_102522020_102528176	5	5	0	0
chr13_104340349_104346508	1	1	1	0
chr13_106213540_106219555	3	2	0	0
chr13_106778245_106784404	4	4	0	0
chr13_106929331_106935363	16	4	0	0
chr13_107920656_107926706	7	0	0	0
chr13_108510472_108516495	8	6	0	0
chr13_19103712_19109724	18	7	7	3
chr13_19272995_19279012	2	4	0	1
chr13_21855728_21861909	3	16	0	2
chr13_22574736_22580850	5	9	0	0
chr13_24806647_24812668	0	15	0	1
chr13_28688077_28694338	0	36	0	10
chr13_29641706_29647706	1	0	0	0
chr13_31302314_31308370	26	6	0	0
chr13_33984674_33990692	22	5	1	0
chr13_34480262_34486294	7	16	0	0
chr13_35422150_35428282	4	12	0	0
chr13_36008229_36014237	18	16	0	0
chr13_37149952_37155982	3	25	0	0
chr13_37250340_37256381	11	8	6	2
chr13_38065372_38071518	1	15	1	1
chr13_38112136_38118185	11	11	8	7
chr13_39000817_39006875	7	5	0	0
chr13_40356290_40362321	8	8	0	0
chr13_40734919_40740945	19	6	0	0
chr13_40828819_40834834	13	11	3	2
chr13_40864571_40870598	8	4	1	0
chr13_41042308_41048414	24	4	12	1
chr13_41474356_41480738	6	15	3	10
chr13_42424880_42430912	11	23	0	0
chr13_45645030_45651067	27	11	10	8
chr13_45664064_45670213	0	11	0	0
chr13_47712138_47718308	2	13	0	0
chr13_47781888_47787912	10	11	0	0
chr13_48416129_48422515	5	27	3	23
chr13_48465555_48471566	29	5	0	0
chr13_49013626_49019628	5	13	3	2
chr13_49152513_49158535	48	21	41	18
chr13_50180295_50186330	0	6	0	0
chr13_50503044_50509169	0	16	0	0
chr13_50982054_50988070	26	5	17	1
chr13_51509717_51515838	1	6	1	1
chr13_51690196_51696329	2	5	0	0
chr13_52269640_52275659	2	0	0	0
chr13_58672617_58678643	14	5	0	0
chr13_60709752_60715784	0	12	0	0
chr13_66253762_66259788	5	4	0	0
chr13_71384560_71390704	0	5	0	0
chr13_72265482_72271624	3	7	0	6
chr13_72610246_72616287	0	4	0	1
chr13_74235944_74241970	10	11	0	0
chr13_74426326_74432354	3	10	2	6
chr13_74536448_74542369	2	0	0	0
chr13_75241169_75247314	0	2	0	0
chr13_75727624_75733777	9	5	0	1
chr13_76612823_76618851	0	0	0	0
chr13_77199027_77205061	4	5	0	0
chr13_78513206_78519393	0	10	0	0
chr13_79817055_79823218	1	2	0	0
chr13_79839668_79845817	1	8	0	0
chr13_80516861_80522982	0	9	0	6
chr13_81064093_81070238	0	4	0	2
chr13_82045349_82051380	3	1	0	0
chr13_85123204_85129221	4	1	0	0
chr13_85911792_85917919	1	2	0	0
chr13_89087885_89093918	7	9	0	0
chr13_90663982_90669995	6	5	0	0
chr13_92685561_92691592	4	1	0	0
chr13_92752475_92758488	1	6	1	3
chr13_93490518_93496537	0	7	0	6
chr13_94372199_94378191	8	10	0	0
chr13_95733699_95740837	0	4	0	0
chr13_96326180_96332208	9	4	0	0
chr13_97667408_97673440	13	11	0	1
chr13_97730412_97736443	11	10	9	3
chr14_101266199_101272227	10	9	0	0
chr14_18283818_18289864	1	0	0	0
chr14_20230574_20236301	2	7	2	2
chr14_20910598_20916745	5	38	3	22
chr14_22348921_22355065	3	13	0	7
chr14_22615641_22621763	29	19	16	10
chr14_24491435_24497569	0	5	0	4
chr14_24525954_24532097	2	4	0	0
chr14_25167086_25173204	1	10	0	5
chr14_25771319_25777467	2	11	1	6
chr14_25778863_25784872	2	10	0	2
chr14_26629268_26635299	14	12	4	4
chr14_26673315_26679374	11	19	2	1
chr14_27357544_27363655	1	12	0	5
chr14_27673059_27679095	14	4	0	0
chr14_28312502_28318523	4	8	0	0
chr14_28635670_28641795	0	4	0	0
chr14_30363537_30369568	30	12	1	0
chr14_30474044_30480062	17	13	0	0
chr14_30684809_30690837	15	13	0	0
chr14_32234597_32240754	2	10	2	3
chr14_32851160_32857308	11	13	4	6
chr14_34150072_34156225	1	13	0	2
chr14_36142656_36148690	9	23	5	13
chr14_36184549_36190694	3	15	1	0
chr14_36693923_36700082	3	20	0	0
chr14_37293328_37299451	37	10	9	1
chr14_37350918_37356933	18	24	2	5
chr14_37766796_37772831	15	10	0	0
chr14_38975192_38981648	2	9	1	5
chr14_39017171_39023327	3	28	2	22
chr14_39521539_39527458	9	3	0	0
chr14_39584278_39590291	5	44	4	31
chr14_39655916_39662030	5	25	5	21
chr14_39697592_39703740	0	12	0	6
chr14_39820033_39826163	2	26	1	0
chr14_40326207_40332209	4	8	0	0
chr14_40948916_40954934	16	9	0	0
chr14_41209338_41215358	11	6	2	1
chr14_41751766_41757899	1	6	0	0
chr14_42967511_42973555	36	15	20	10
chr14_43062334_43068363	5	11	1	5
chr14_43262062_43268079	6	20	5	14
chr14_43370269_43376295	8	15	5	13
chr14_43492185_43498201	1	3	0	0
chr14_43698653_43704668	5	2	0	0
chr14_44705080_44711104	18	8	0	0
chr14_45477110_45483169	0	6	0	0
chr14_45545716_45551885	3	23	1	0
chr14_45883227_45889258	59	12	30	11
chr14_46095420_46101548	0	7	0	0
chr14_46161140_46167282	7	39	6	32
chr14_46508563_46514741	8	16	1	0
chr14_47171654_47177809	2	12	0	2
chr14_47377247_47383356	2	9	2	6
chr14_47901173_47907197	29	15	0	0
chr14_48187082_48193113	8	12	0	0
chr14_48606742_48612848	4	2	0	0
chr14_49096714_49102732	6	18	0	0
chr14_51794601_51800632	17	15	9	3
chr14_53318040_53324215	1	6	0	0
chr14_54233877_54240023	1	15	0	0
chr14_56014010_56020042	7	12	2	1
chr14_56441818_56447831	19	3	0	0
chr14_56639511_56645657	6	8	0	0
chr14_56667527_56673561	19	8	0	0
chr14_57112210_57118214	11	0	1	0
chr14_57338082_57344117	37	11	15	6
chr14_58032539_58038561	8	11	0	0
chr14_59409450_59415609	7	13	0	0
chr14_59946504_59952523	13	7	0	0
chr14_60523259_60529424	2	16	0	0
chr14_60908337_60914469	5	6	2	4
chr14_61055116_61061148	36	11	0	0
chr14_62045454_62051619	1	7	0	0
chr14_62535851_62541882	3	12	0	0
chr14_62636558_62642711	26	25	13	19
chr14_63116706_63122735	7	9	0	0
chr14_67062673_67068092	8	38	2	18
chr14_67868071_67874097	1	14	0	1
chr14_68428765_68434891	8	12	0	0
chr14_69415930_69422143	4	27	0	5
chr14_70501314_70507441	0	14	0	2
chr14_70547290_70553322	16	3	0	0
chr14_71842964_71848996	4	16	0	0
chr14_71976262_71982313	9	10	0	0
chr14_79126178_79132202	1	3	0	0
chr14_79767758_79773791	4	7	1	1
chr14_80088527_80094682	1	7	0	0
chr14_82347549_82353568	11	13	9	6
chr14_83639298_83645330	1	9	0	1
chr14_85885595_85891616	6	14	5	6
chr14_86074489_86080517	5	8	3	0
chr14_86095934_86102041	1	3	0	0
chr14_86105459_86111494	4	14	2	7
chr14_86312232_86318377	1	23	0	7
chr14_87354740_87360855	7	11	0	0
chr14_88455733_88461846	6	7	0	1
chr14_90206773_90212804	8	23	0	0
chr14_91430864_91436893	12	15	0	0
chr14_91640244_91646233	36	10	0	0
chr14_92852827_92858975	11	19	0	1
chr14_93413032_93419170	11	37	10	29
chr15_100067771_100073922	7	11	0	0
chr15_100365266_100371301	8	15	7	8
chr15_100417071_100423096	8	1	0	0
chr15_101626450_101632475	49	16	0	0
chr15_19948218_19954369	0	5	0	0
chr15_20311030_20317051	3	0	2	0
chr15_23714069_23720096	4	5	1	2
chr15_27187726_27193872	2	2	0	0
chr15_30240360_30246398	0	0	0	0
chr15_30775177_30781390	0	4	0	0
chr15_30848621_30854753	0	5	0	0
chr15_31617776_31623903	0	3	0	0
chr15_32045683_32051786	1	13	1	6
chr15_32139925_32146049	4	15	2	2
chr15_32292269_32298310	0	0	0	0
chr15_35385846_35391984	12	6	4	4
chr15_36195372_36201389	3	4	2	3
chr15_37319965_37325741	2	21	1	19
chr15_37399471_37405476	0	6	0	0
chr15_37427156_37433181	0	6	0	0
chr15_38567626_38574032	2	34	1	25
chr15_38782749_38788763	6	7	0	0
chr15_39420570_39426588	11	11	6	7
chr15_43649975_43656002	3	2	3	0
chr15_44252034_44258049	6	5	0	0
chr15_46104553_46110666	4	5	0	0
chr15_46536240_46542382	6	16	6	14
chr15_47165532_47171560	0	0	0	0
chr15_49354233_49360252	3	3	0	0
chr15_49395983_49402014	5	9	0	0
chr15_49778509_49784518	12	24	0	0
chr15_51031621_51037649	8	27	0	0
chr15_51417216_51423246	18	16	0	0
chr15_51590946_51597084	23	35	11	8
chr15_53135442_53141475	8	12	0	0
chr15_53684199_53690229	5	10	2	0
chr15_54444822_54450917	0	5	0	2
chr15_54850725_54855879	2	27	0	11
chr15_54871705_54877844	3	7	2	2
chr15_55063993_55069991	12	15	2	4
chr15_56134618_56140628	34	8	0	0
chr15_56311143_56317177	15	10	0	0
chr15_56398989_56405142	0	13	0	0
chr15_58125731_58131761	12	6	0	0
chr15_58193368_58199552	1	7	0	4
chr15_61896237_61902274	6	4	0	0
chr15_64326660_64332685	8	17	5	15
chr15_67448229_67454359	8	1	2	0
chr15_69617030_69623160	4	11	0	0
chr15_70984634_70990781	4	14	0	0
chr15_71174139_71180152	37	14	12	7
chr15_73215934_73222082	1	2	0	0
chr15_73508419_73514470	16	6	0	0
chr15_77150514_77156644	0	6	0	0
chr15_78719832_78725853	0	3	0	0
chr15_79485783_79491818	12	17	6	8
chr15_79745087_79751113	39	18	2	2
chr15_81668513_81674504	21	7	0	0
chr15_81697165_81703174	3	15	0	2
chr15_81730280_81736308	23	22	5	6
chr15_81797930_81803963	5	17	0	9
chr15_81870667_81876699	16	8	0	0
chr15_82882881_82888919	19	7	0	0
chr15_83383651_83389616	2	7	0	0
chr15_83450804_83456834	9	7	0	0
chr15_85433963_85439965	11	7	0	0
chr15_86528094_86534125	7	14	0	1
chr15_87249763_87255874	1	17	1	5
chr15_87327389_87333416	10	7	0	0
chr15_87463738_87469749	9	4	0	0
chr15_87509891_87515920	59	16	17	10
chr15_89043903_89049907	6	11	0	0
chr15_89634318_89640301	30	13	4	0
chr15_91500665_91506649	20	13	0	0
chr15_93675399_93681428	8	15	0	0
chr15_97265580_97271604	11	9	0	0
chr15_97289925_97296313	3	7	0	0
chr15_97413295_97419473	9	29	4	12
chr15_97432693_97438849	0	11	0	0
chr16_12070183_12076303	5	15	3	4
chr16_17733165_17739300	7	3	4	0
chr16_21042672_21048703	2	15	0	0
chr16_21329023_21335176	28	31	12	13
chr16_26092617_26098745	3	21	1	6
chr16_31337869_31344038	0	6	0	3
chr16_31629877_31636018	0	7	0	4
chr16_31687221_31693324	0	5	0	1
chr16_32837589_32842830	0	0	0	0
chr16_33952564_33958612	3	0	0	0
chr16_34018673_34024592	0	0	0	0
chr16_35160155_35166172	0	6	0	1
chr16_35468696_35474693	3	14	0	0
chr16_35608475_35614501	2	10	0	0
chr16_36071922_36077950	0	3	0	2
chr16_46449411_46455427	4	7	3	6
chr16_46489860_46496028	0	7	0	0
chr16_47182757_47188783	6	7	0	0
chr16_47437710_47443907	2	10	2	3
chr16_47541007_47547243	10	22	7	22
chr16_47807975_47814106	0	2	0	0
chr16_47909897_47916004	2	0	0	0
chr16_48015465_48021489	9	9	0	0
chr16_48768571_48774603	0	7	0	0
chr16_51329809_51335954	0	8	0	0
chr16_53396916_53402916	0	1	0	0
chr16_54042096_54048145	26	10	0	0
chr16_56154514_56160662	2	0	0	0
chr16_58779887_58785996	1	1	0	0
chr16_58873142_58879266	0	5	0	0
chr16_58977510_58983531	9	2	9	0
chr16_59559294_59565319	2	2	0	0
chr16_59809317_59815504	1	9	0	2
chr16_59976601_59982619	1	0	0	0
chr16_60522745_60528760	11	8	5	0
chr16_61801455_61807489	5	5	0	0
chr16_63119951_63125975	12	8	4	5
chr16_65551127_65557278	13	7	12	6
chr16_65690011_65696020	11	4	0	0
chr16_68583448_68589505	32	9	0	0
chr16_72543204_72549689	3	19	2	5
chr16_72627274_72633298	5	7	0	0
chr16_73824400_73830431	7	19	0	0
chr16_75719124_75725286	9	15	3	4
chr16_75821959_75827981	31	17	0	0
chr16_80136317_80142458	2	16	2	8
chr16_82139255_82145258	0	10	0	1
chr16_83637252_83643296	1	12	0	0
chr16_86233295_86239310	32	23	1	0
chr16_86262173_86268197	23	10	0	0
chr16_9584490_9590522	7	18	0	0
chr17_11861025_11867172	2	5	0	0
chr17_12449903_12455932	15	12	0	0
chr17_27039669_27045623	0	3	0	1
chr17_27099164_27105176	9	3	3	2
chr17_30406814_30413023	3	24	1	15
chr17_3147366_3153409	4	6	2	2
chr17_3176530_3182557	3	7	0	0
chr17_32678257_32684272	20	6	10	3
chr17_32887137_32893184	10	4	0	0
chr17_3326580_3332726	2	0	0	0
chr17_34083021_34089185	1	6	0	2
chr17_34292450_34298452	6	9	0	0
chr17_35393949_35399945	1	8	1	6
chr17_41200867_41206900	0	3	0	0
chr17_52403847_52409865	2	6	0	0
chr17_55501716_55507741	5	0	0	0
chr17_56002401_56008616	0	13	0	0
chr17_60881440_60887474	8	30	0	0
chr17_61110229_61116238	15	19	0	0
chr17_634396_640538	10	6	5	3
chr17_66596579_66602595	39	22	0	0
chr17_6802481_6808614	0	2	0	0
chr17_68408123_68414142	54	23	38	13
chr17_69000000_69005148	6	8	1	0
chr17_70458956_70464987	4	1	0	0
chr17_71351959_71357889	4	1	2	0
chr17_9615985_9622015	6	4	0	0
chr18_1029349_1035439	4	2	2	2
chr18_10572668_10578678	0	2	0	0
chr18_12181637_12187780	0	1	0	0
chr18_12202444_12208458	3	5	0	0
chr18_13343089_13349218	1	4	0	0
chr18_13975860_13981891	16	15	0	0
chr18_14064986_14071100	2	2	0	0
chr18_14162672_14168081	3	7	3	5
chr18_1516189_1522240	5	7	0	2
chr18_21882938_21889079	1	7	0	0
chr18_2247167_2253196	7	5	0	0
chr18_22529636_22535670	10	10	0	0
chr18_22885395_22891520	4	4	2	3
chr18_24619042_24625072	7	21	0	0
chr18_27279551_27285578	4	13	0	0
chr18_27510008_27516039	1	6	0	0
chr18_27737726_27743750	22	18	9	14
chr18_28240443_28246440	10	28	0	8
chr18_28416544_28422561	0	7	0	0
chr18_2860237_2866343	1	5	0	0
chr18_31347968_31353996	24	7	0	0
chr18_32228075_32233934	10	8	0	0
chr18_32856626_32862684	5	1	0	0
chr18_33786878_33793028	0	24	0	23
chr18_34331115_34337159	4	8	0	0
chr18_34552378_34558395	1	6	0	0
chr18_34894774_34900928	16	30	4	13
chr18_35205779_35211809	10	7	8	2
chr18_35760308_35766412	0	2	0	0
chr18_37819737_37825798	0	4	0	0
chr18_39565592_39571600	11	4	4	0
chr18_39924369_39930434	4	5	2	5
chr18_40114089_40120205	4	9	1	1
chr18_40187639_40193657	3	1	0	0
chr18_41631742_41637769	5	6	4	2
chr18_41775014_41781045	5	6	4	2
chr18_42660319_42666556	0	9	0	2
chr18_45694472_45700593	5	6	0	0
chr18_45794070_45800209	1	8	0	2
chr18_47348225_47354243	16	6	0	0
chr18_47660373_47666427	26	11	0	0
chr18_49215768_49223192	1	3	0	2
chr18_49710498_49716912	0	2	0	0
chr18_5004136_5010155	1	16	0	7
chr18_50343959_50349987	3	3	0	0
chr18_51740631_51746665	1	20	0	10
chr18_53511450_53517443	8	3	0	0
chr18_535701_541755	10	6	0	0
chr18_54664206_54670337	1	1	0	0
chr18_55715484_55721529	2	3	0	1
chr18_55887412_55893439	5	6	2	0
chr18_57259696_57265728	3	2	2	1
chr18_57719248_57725264	3	0	0	0
chr18_59256648_59262781	11	12	3	4
chr18_59403939_59409970	5	4	0	0
chr18_60029678_60035707	5	5	0	0
chr18_61310603_61316739	4	8	0	4
chr18_62906292_62912314	10	1	0	1
chr18_64424277_64430404	0	5	0	0
chr18_64572565_64578676	0	4	0	0
chr18_66715074_66721105	1	2	0	0
chr18_68784834_68790853	1	5	0	0
chr18_70746549_70752581	1	4	0	0
chr18_71092824_71098582	0	3	0	2
chr18_72966526_72972556	17	2	0	0
chr18_74052958_74059379	1	2	0	0
chr18_75846851_75852883	28	9	0	0
chr18_77415976_77422002	3	3	0	0
chr18_79284621_79290766	4	9	3	4
chr18_7966442_7972474	10	9	0	0
chr18_8057452_8063463	6	1	0	0
chr18_970858_976878	11	7	0	0
chr19_12004811_12010815	32	13	0	1
chr19_20627781_20633939	2	6	0	3
chr19_20807724_20813827	2	5	0	2
chr19_20841021_20847152	0	5	0	0
chr19_22184056_22190330	5	28	4	27
chr19_23890445_23896455	2	11	1	3
chr19_24013378_24019477	3	6	0	0
chr19_24394039_24399943	1	12	1	3
chr19_28087649_28092997	0	8	0	0
chr19_28177582_28183612	2	8	1	1
chr19_28269706_28275728	1	13	1	5
chr19_29225779_29231807	5	10	0	0
chr19_29459290_29465188	6	8	0	0
chr19_32846037_32852182	0	9	0	0
chr19_34700381_34706494	0	7	0	5
chr19_34860177_34866213	1	5	0	4
chr19_36697923_36704066	5	4	0	0
chr19_37116469_37122625	1	8	1	2
chr19_37837502_37843533	13	6	0	0
chr19_40037915_40044054	0	6	0	6
chr19_42769102_42775111	2	9	1	8
chr19_43242052_43248105	8	6	7	5
chr19_55822401_55828429	10	5	0	0
chr19_8795844_8801996	1	3	0	0
chr19_9397704_9403756	8	7	0	0
chr1_100199602_100206088	0	2	0	0
chr1_100632238_100638390	5	2	0	0
chr1_102442083_102448229	1	3	0	0
chr1_102826495_102832654	4	16	3	8
chr1_104218010_104223212	0	0	0	0
chr1_104658853_104664872	2	4	1	0
chr1_104770247_104776278	2	6	0	0
chr1_104843833_104849864	3	2	0	0
chr1_104935148_104941180	0	2	0	2
chr1_108161796_108167809	30	34	20	27
chr1_108358320_108364417	2	13	2	6
chr1_112154799_112160810	15	52	9	21
chr1_112199142_112205303	0	6	0	0
chr1_112221418_112227438	57	20	40	14
chr1_113633560_113639380	10	20	2	1
chr1_114303991_114310120	6	42	1	8
chr1_115147821_115153959	11	10	2	0
chr1_116051913_116058065	22	36	10	11
chr1_116974738_116980865	1	16	0	4
chr1_117720673_117726833	1	3	0	0
chr1_118280887_118286905	11	13	0	0
chr1_118568232_118574250	3	5	1	0
chr1_118831438_118837583	2	4	0	1
chr1_118852351_118858380	8	10	0	0
chr1_119020631_119026648	13	12	1	1
chr1_121401447_121407469	0	1	0	1
chr1_121532230_121538261	6	6	0	0
chr1_121574289_121580421	4	6	3	1
chr1_124961843_124967867	1	5	0	0
chr1_125015251_125021207	3	5	3	4
chr1_125122961_125129081	0	4	0	0
chr1_14382318_14388341	0	7	0	0
chr1_145553326_145559446	0	11	0	0
chr1_146717192_146723218	6	0	0	0
chr1_147006520_147012672	0	2	0	1
chr1_147321798_147327814	4	17	0	0
chr1_147402384_147408529	1	5	0	0
chr1_147423218_147429241	4	12	0	0
chr1_152547782_152553918	6	34	5	25
chr1_152830284_152836378	3	9	3	6
chr1_158314659_158320685	5	1	0	0
chr1_158886103_158892114	1	9	0	1
chr1_159452953_159458976	0	6	0	1
chr1_163639993_163646040	5	10	0	0
chr1_163750240_163756258	4	9	0	0
chr1_163848424_163854546	0	23	0	6
chr1_164121630_164127072	4	23	2	17
chr1_164216021_164222185	17	8	8	2
chr1_164459203_164465253	12	13	5	3
chr1_165778069_165784153	1	9	0	0
chr1_166243053_166249084	2	6	0	0
chr1_166310878_166317027	1	14	0	3
chr1_168348862_168354879	7	1	0	0
chr1_169251561_169257591	30	15	26	11
chr1_170089171_170095201	1	11	0	0
chr1_172055829_172061861	4	13	0	0
chr1_172314246_172320395	9	9	0	1
chr1_172981279_172987306	6	4	1	0
chr1_173153744_173159905	1	14	0	3
chr1_173725764_173731872	2	10	0	0
chr1_174233266_174239293	1	3	0	0
chr1_174377791_174383815	13	6	0	0
chr1_174590323_174596379	17	14	0	0
chr1_174843226_174849243	0	12	0	0
chr1_175992256_175998501	6	2	0	0
chr1_176002354_176008367	12	19	0	11
chr1_176256085_176262110	22	17	0	0
chr1_176308395_176314388	10	17	1	3
chr1_177400917_177406941	10	33	1	14
chr1_177633927_177639946	41	22	0	0
chr1_177671810_177677946	9	13	2	5
chr1_177759403_177765545	8	24	3	14
chr1_178314791_178320818	4	1	0	0
chr1_178837547_178843666	6	16	2	2
chr1_178987591_178993573	6	14	0	0
chr1_179460043_179466249	17	21	8	5
chr1_180333571_180339694	1	19	1	9
chr1_180866811_180872843	21	14	0	0
chr1_183658067_183664223	7	25	7	18
chr1_184130573_184136757	5	1	0	0
chr1_185001530_185007555	24	19	1	5
chr1_185251798_185257805	13	5	11	1
chr1_185378615_185384739	0	6	0	0
chr1_185707397_185713577	9	13	0	0
chr1_185887306_185893334	3	11	0	0
chr1_186157489_186163560	6	15	0	1
chr1_186256600_186262729	1	11	0	1
chr1_186637331_186643356	2	9	0	0
chr1_187343764_187349794	20	3	0	0
chr1_187597671_187603699	14	9	0	0
chr1_188752216_188758260	31	4	0	0
chr1_189325284_189331428	6	37	4	21
chr1_189468736_189474768	26	25	8	12
chr1_189754801_189760951	2	0	0	0
chr1_192500584_192506612	39	39	19	24
chr1_193717837_193723892	8	6	0	0
chr1_196219370_196225402	6	13	0	0
chr1_196780803_196786955	1	12	1	11
chr1_197707714_197713746	12	4	0	0
chr1_198309446_198315462	6	5	0	0
chr1_201234105_201240262	6	7	0	0
chr1_205400697_205406859	0	13	0	0
chr1_207206734_207212907	0	6	0	0
chr1_207730466_207736495	11	3	0	0
chr1_208702694_208709029	0	5	0	2
chr1_209913771_209919823	0	0	0	0
chr1_209973212_209979350	2	7	0	0
chr1_212658025_212664183	1	3	0	0
chr1_213213891_213220019	9	5	0	0
chr1_217690492_217696523	21	8	9	4
chr1_219839330_219845537	11	11	9	5
chr1_219863570_219869595	4	22	2	0
chr1_223395534_223401557	2	4	0	0
chr1_223446992_223453023	5	10	2	3
chr1_225055535_225061656	8	34	7	25
chr1_228520690_228526835	2	4	0	0
chr1_237019467_237025494	6	15	0	0
chr1_237075264_237081293	7	12	0	0
chr1_239623498_239629523	3	1	0	0
chr1_239637768_239643908	4	5	0	0
chr1_242045561_242051585	6	9	0	0
chr1_242481073_242487222	1	8	0	4
chr1_245816539_245822560	11	0	3	0
chr1_247954964_247961087	3	2	3	0
chr1_248067512_248073636	0	4	0	0
chr1_248166557_248172589	1	1	0	0
chr1_248252861_248258877	0	2	0	2
chr1_248527957_248533941	1	0	0	0
chr1_25506585_25512707	0	6	0	0
chr1_33829520_33835665	3	10	0	0
chr1_34092394_34098413	4	6	2	1
chr1_34250741_34256767	10	36	4	23
chr1_34566055_34572105	6	5	0	0
chr1_41176264_41182362	2	3	0	0
chr1_43114527_43120516	0	6	0	2
chr1_47006446_47012568	5	4	0	1
chr1_48150125_48156157	1	3	0	0
chr1_48277194_48283343	2	4	0	0
chr1_48363803_48369929	1	1	0	0
chr1_49006012_49012044	0	6	0	3
chr1_49068236_49074523	2	15	2	8
chr1_49282507_49288376	5	4	5	2
chr1_49561313_49567447	0	0	0	0
chr1_49915108_49921256	0	4	0	0
chr1_49934841_49940864	4	14	4	10
chr1_52171000_52177141	0	3	0	0
chr1_55561830_55567969	1	4	1	3
chr1_58126455_58132485	15	16	3	5
chr1_58373171_58379206	7	8	0	0
chr1_58958128_58964283	6	4	0	0
chr1_59250823_59256962	5	2	0	1
chr1_59368923_59375078	10	3	0	0
chr1_59532995_59539008	3	4	0	0
chr1_59586803_59592948	3	6	0	0
chr1_59647747_59653779	10	4	0	0
chr1_60490132_60496149	4	7	1	0
chr1_60640012_60646037	3	6	0	0
chr1_65450279_65456309	1	3	0	0
chr1_65544806_65550970	4	2	4	1
chr1_65558564_65564576	12	5	0	0
chr1_66480923_66486952	4	6	0	0
chr1_66780142_66786326	2	10	0	1
chr1_67078891_67084915	4	8	0	0
chr1_67176638_67182776	2	7	1	1
chr1_68875777_68881805	1	5	0	0
chr1_69389449_69395594	0	0	0	0
chr1_69905264_69911348	0	2	0	0
chr1_69922813_69928952	5	7	2	2
chr1_71513698_71519742	7	10	1	3
chr1_71888203_71894235	3	2	0	0
chr1_7411757_7417922	4	4	1	3
chr1_74877120_74883155	0	0	0	0
chr1_74986518_74992624	0	4	0	1
chr1_75106865_75112887	10	4	0	0
chr1_75476261_75482430	0	2	0	0
chr1_75677750_75683758	2	6	0	0
chr1_77000000_77005515	2	5	0	0
chr1_78845456_78851474	1	3	0	0
chr1_79511261_79517280	2	10	1	5
chr1_80132548_80138577	11	1	0	0
chr1_80394348_80400494	4	3	2	2
chr1_80939203_80945257	0	0	0	0
chr1_82130929_82136890	11	3	0	0
chr1_82250044_82256069	2	7	1	0
chr1_83182174_83188201	1	4	0	0
chr1_83263607_83269631	1	2	0	0
chr1_83350413_83356465	10	10	8	10
chr1_84228930_84234940	0	8	0	0
chr1_85641866_85648021	1	8	1	1
chr1_85748519_85754548	6	5	0	0
chr1_85824940_85830944	2	1	0	0
chr1_85927067_85933100	10	7	2	6
chr1_86679080_86685111	0	0	0	0
chr1_88341842_88347867	5	4	0	0
chr1_89412579_89418615	9	3	0	0
chr1_89747026_89753053	14	4	0	0
chr1_90057280_90063312	5	3	2	1
chr1_90166845_90172987	0	13	0	0
chr1_91366637_91372747	2	2	0	0
chr1_93790652_93796681	2	8	0	0
chr1_95210689_95216990	2	24	2	12
chr1_95292237_95298258	5	1	0	0
chr1_96604386_96610400	15	1	0	0
chr1_96853195_96859362	2	3	0	0
chr1_98875638_98881734	0	14	0	12
chr1_99399824_99405973	0	1	0	0
chr20_11632779_11638837	18	15	0	0
chr20_12443116_12449140	3	4	0	0
chr20_12582507_12588531	21	8	15	1
chr20_12801017_12807044	5	6	0	0
chr20_129964_135977	17	4	15	3
chr20_17114790_17120918	0	3	0	0
chr20_18332912_18339088	9	3	7	0
chr20_18755270_18761370	16	11	12	5
chr20_21887655_21893685	1	17	0	0
chr20_21910853_21916881	1	18	0	0
chr20_22009432_22015596	0	4	0	2
chr20_23426108_23432140	10	12	0	0
chr20_23589308_23595311	18	15	0	0
chr20_23896851_23903006	10	29	2	6
chr20_24900605_24906618	1	6	0	0
chr20_24921723_24927909	1	9	0	1
chr20_2500825_2506958	18	9	12	4
chr20_25329949_25335970	10	8	0	0
chr20_26233677_26239735	9	5	6	0
chr20_28736655_28742476	0	3	0	2
chr20_29466155_29472288	1	3	0	2
chr20_30944115_30950140	2	17	2	16
chr20_30970455_30976471	11	11	10	11
chr20_30985455_30991464	23	26	20	25
chr20_31332715_31338865	3	19	0	12
chr20_40619322_40625356	6	7	0	0
chr20_42206269_42212317	62	34	0	0
chr20_42614937_42620967	24	28	4	8
chr20_4283734_4289881	1	4	0	0
chr20_43814461_43820491	16	13	0	0
chr20_45687891_45693981	7	6	3	2
chr20_53455562_53461566	20	13	0	0
chr20_53472644_53478653	29	24	0	0
chr20_53503851_53509874	18	19	0	0
chr20_54782510_54788349	32	91	18	40
chr20_55220304_55226469	0	15	0	0
chr20_55900229_55906399	2	23	0	18
chr20_59531777_59537803	17	27	0	0
chr20_6315821_6321844	13	5	0	0
chr20_7116194_7122199	1	2	0	0
chr20_8108866_8114917	4	8	0	3
chr20_8595101_8601127	3	5	0	0
chr21_10631089_10637220	1	10	0	0
chr21_13990185_13995598	2	2	0	2
chr21_14927082_14933113	6	5	0	0
chr21_14933877_14939951	17	32	13	26
chr21_17327482_17333500	0	1	0	0
chr21_17376038_17381930	7	5	0	0
chr21_22493175_22499632	5	14	1	9
chr21_25918367_25924392	2	3	0	0
chr21_28676917_28683062	2	6	0	1
chr21_31814220_31820362	2	3	1	1
chr21_33925606_33931606	20	5	0	0
chr21_35493766_35499791	14	5	2	0
chr21_36616544_36622673	6	11	6	5
chr21_37109076_37115174	1	5	0	1
chr22_11428056_11433204	0	0	0	0
chr22_11959381_11965528	0	1	0	0
chr22_15214621_15220667	0	0	0	0
chr22_16021017_16027044	0	3	0	0
chr22_16183718_16189738	2	7	1	7
chr22_22187854_22193971	1	5	0	0
chr22_22276800_22282812	0	1	0	0
chr22_23662983_23669138	12	3	0	0
chr22_28209186_28215291	5	25	5	8
chr22_28386847_28392869	2	1	0	0
chr22_28663283_28669315	2	1	0	0
chr22_32294665_32300684	0	0	0	0
chr22_34549683_34555708	5	4	0	0
chr22_34677368_34683400	0	5	0	0
chr22_48985761_48991792	9	7	0	0
chr2_102324371_102330501	4	14	2	4
chr2_102566355_102572385	21	10	0	0
chr2_102874020_102880174	4	12	2	9
chr2_106130892_106136925	10	8	0	0
chr2_109111631_109117785	9	8	0	0
chr2_112503812_112509845	18	31	11	21
chr2_113471481_113477545	0	0	0	0
chr2_114096298_114102405	7	47	3	32
chr2_115376550_115382573	0	3	0	0
chr2_115799431_115805573	2	29	1	13
chr2_116048941_116054967	4	9	0	0
chr2_117156034_117162051	1	14	0	6
chr2_117649184_117655215	4	2	0	0
chr2_117778178_117784316	5	7	0	0
chr2_117803780_117809809	12	21	11	15
chr2_118137000_118143020	26	13	4	1
chr2_11881460_11887603	0	11	0	0
chr2_118895761_118901792	18	4	0	0
chr2_122012673_122018708	17	12	2	0
chr2_122046204_122052249	8	14	5	8
chr2_122550744_122556816	2	2	0	0
chr2_123628724_123634742	8	8	0	0
chr2_124139775_124145807	17	7	0	0
chr2_124356306_124362334	8	9	5	2
chr2_124407870_124413893	3	11	0	0
chr2_124593139_124599168	4	10	0	0
chr2_12521757_12527771	17	10	0	0
chr2_126178048_126184064	6	6	0	0
chr2_128858984_128865016	26	5	2	2
chr2_132231325_132237282	6	1	6	0
chr2_133465007_133471038	14	31	8	10
chr2_133546865_133552758	23	11	0	0
chr2_133910480_133916504	3	24	0	0
chr2_134825451_134831458	15	7	0	0
chr2_135231810_135237948	0	3	0	2
chr2_135291597_135297711	15	15	12	13
chr2_136596065_136602178	2	16	2	14
chr2_137393160_137399190	9	9	0	0
chr2_139532787_139538975	9	26	0	8
chr2_14099133_14105291	6	14	1	1
chr2_142607781_142613812	26	11	14	5
chr2_142806275_142812293	0	5	0	0
chr2_143006042_143012076	29	6	0	0
chr2_143536378_143542524	2	2	0	1
chr2_143661562_143667611	3	4	0	0
chr2_143860956_143866987	7	4	0	0
chr2_146405741_146411341	0	12	0	0
chr2_147580469_147586902	0	12	0	1
chr2_147727004_147733028	6	8	0	0
chr2_14783324_14789477	0	3	0	0
chr2_148148940_148154956	2	10	0	0
chr2_148188745_148194773	20	9	0	0
chr2_148322844_148328854	0	6	0	0
chr2_14848064_14854078	10	6	6	4
chr2_149501242_149507406	3	7	0	1
chr2_149637880_149643991	2	8	0	0
chr2_149850457_149856466	11	11	3	2
chr2_149945265_149951292	21	6	5	0
chr2_149965733_149971865	1	7	1	0
chr2_151698868_151704889	26	32	22	26
chr2_153007766_153013796	7	11	0	0
chr2_153251473_153257477	1	1	0	0
chr2_153397921_153403952	12	16	4	5
chr2_153719447_153725466	8	7	0	1
chr2_154147919_154154081	1	15	1	10
chr2_15439500_15445667	2	11	1	6
chr2_155466628_155472644	4	7	0	0
chr2_155965887_155971915	15	6	9	3
chr2_156254518_156260532	22	11	1	0
chr2_156962342_156968483	6	5	0	0
chr2_157368535_157374566	15	6	0	0
chr2_157397599_157403696	1	13	0	0
chr2_157515143_157521173	13	24	3	3
chr2_157566353_157572377	7	8	0	0
chr2_158351231_158357242	12	8	0	0
chr2_158522617_158528649	29	5	0	0
chr2_160756918_160763090	43	37	40	32
chr2_160766499_160772615	7	7	6	4
chr2_160797332_160803466	21	17	6	9
chr2_160850732_160856748	12	9	0	0
chr2_164261247_164267132	12	5	0	0
chr2_165485934_165491963	13	7	1	0
chr2_165731663_165737694	18	8	0	0
chr2_16593725_16599758	11	0	0	0
chr2_166702725_166708745	8	13	4	2
chr2_166853711_166859875	0	6	0	0
chr2_166988454_166994509	5	18	0	0
chr2_167081946_167087967	0	2	0	0
chr2_167662955_167668974	6	11	0	0
chr2_167835042_167841189	4	15	1	8
chr2_169248623_169254656	3	4	0	0
chr2_169452781_169458934	10	3	0	1
chr2_172187264_172193414	8	12	5	0
chr2_172315270_172321297	33	20	11	12
chr2_173527289_173533317	0	7	0	1
chr2_173699375_173705410	21	14	0	0
chr2_174404458_174410482	24	7	5	1
chr2_175481951_175487994	2	4	0	0
chr2_175588546_175594563	33	13	0	0
chr2_175759595_175765629	2	6	0	0
chr2_177973073_177979090	19	7	0	0
chr2_178049371_178055510	2	8	0	0
chr2_178982451_178988482	13	12	12	9
chr2_179087387_179093560	8	6	4	1
chr2_179195944_179201918	27	20	16	14
chr2_18012016_18018024	6	3	0	0
chr2_180833661_180839689	12	2	0	0
chr2_182025225_182031239	12	14	0	1
chr2_182212404_182218434	7	11	1	0
chr2_183448314_183454476	1	15	0	0
chr2_183586195_183592337	5	10	4	1
chr2_185419434_185425462	3	4	0	0
chr2_185585887_185591908	2	3	0	0
chr2_185841720_185847756	2	6	1	1
chr2_185864597_185870656	3	5	0	1
chr2_188123561_188129537	12	3	0	0
chr2_190772250_190778401	2	7	0	0
chr2_191761849_191767876	39	4	2	0
chr2_192268435_192274450	19	6	0	0
chr2_19305839_19311862	12	10	4	5
chr2_193212420_193218448	31	3	0	0
chr2_195067521_195073543	3	0	0	0
chr2_195228435_195234459	10	2	0	0
chr2_195373191_195379241	8	12	0	0
chr2_195523002_195529095	0	10	0	0
chr2_195743883_195749992	7	15	0	0
chr2_196521488_196527500	0	6	0	0
chr2_196905587_196911636	13	7	0	0
chr2_197634735_197640761	32	14	13	7
chr2_197687546_197693561	23	40	17	34
chr2_197728962_197734964	0	12	0	0
chr2_198017928_198024409	0	4	0	4
chr2_201290544_201296670	10	6	4	1
chr2_204991072_204997106	20	6	1	0
chr2_206908035_206914052	3	13	0	8
chr2_207000910_207006934	9	7	2	1
chr2_208800640_208806791	12	11	10	8
chr2_208811621_208817648	2	10	0	0
chr2_208831567_208837733	3	13	1	1
chr2_20905451_20911612	9	17	6	10
chr2_209128529_209134554	4	3	0	0
chr2_209746180_209752208	8	4	0	0
chr2_211219320_211225344	42	10	21	2
chr2_21208575_21214737	2	16	0	8
chr2_212785128_212791268	6	3	0	0
chr2_21335938_21342064	0	6	0	1
chr2_215220243_215226331	35	14	31	11
chr2_216454715_216460842	9	9	0	1
chr2_21903319_21909344	5	18	0	0
chr2_219931818_219937838	11	10	0	0
chr2_22156442_22162464	2	9	1	4
chr2_221984562_221990586	41	16	16	5
chr2_222149601_222155632	10	12	0	0
chr2_227064885_227070875	7	1	0	0
chr2_228030894_228037043	2	17	2	9
chr2_228199138_228205299	1	6	0	5
chr2_228568257_228574281	0	7	0	1
chr2_228755693_228761717	9	9	0	0
chr2_22984153_22990168	3	9	0	0
chr2_232149196_232155229	12	7	0	0
chr2_23224851_23230886	10	19	0	0
chr2_232355238_232361245	0	4	0	0
chr2_233577839_233583870	14	0	1	0
chr2_234888389_234894419	9	3	0	0
chr2_236383666_236389689	10	3	1	1
chr2_23736568_23742711	3	13	2	6
chr2_237843469_237849565	1	2	1	0
chr2_240544494_240550522	12	3	1	0
chr2_24800323_24806471	0	13	0	7
chr2_30904198_30910223	38	42	24	24
chr2_33170013_33176199	14	13	0	0
chr2_3369246_3375395	4	4	0	3
chr2_35012447_35018591	1	9	0	5
chr2_35106860_35113009	3	14	0	7
chr2_35319757_35325900	5	16	2	7
chr2_36112506_36118537	5	11	0	0
chr2_3794364_3800395	9	9	2	2
chr2_38132407_38138592	2	9	0	0
chr2_39575018_39581152	12	39	5	22
chr2_40008598_40014619	18	6	0	0
chr2_40232600_40238627	2	12	0	0
chr2_4157808_4163833	3	11	0	7
chr2_42989475_42995502	27	12	15	6
chr2_43542869_43549021	13	7	5	3
chr2_43660471_43666500	2	5	0	0
chr2_45059559_45065587	14	13	0	0
chr2_45075744_45081776	11	16	0	0
chr2_4642968_4648965	6	11	0	0
chr2_48739839_48745890	8	6	0	0
chr2_51312721_51318845	1	3	0	0
chr2_52039405_52045552	0	8	0	0
chr2_53587033_53593044	36	9	21	6
chr2_55442106_55447873	8	21	5	13
chr2_55736329_55742393	18	5	0	0
chr2_55788120_55794261	2	14	2	7
chr2_56551597_56557745	4	7	0	0
chr2_57418710_57424719	0	4	0	0
chr2_57608847_57614848	11	14	0	0
chr2_58171614_58177788	32	12	16	6
chr2_58381542_58387566	24	38	19	35
chr2_60083662_60089694	11	17	0	0
chr2_60141191_60147223	10	12	0	0
chr2_60189023_60195053	4	7	0	1
chr2_62580885_62586986	0	5	0	0
chr2_62616418_62622729	6	54	4	53
chr2_62645710_62651726	8	8	5	3
chr2_62835478_62841498	12	3	0	0
chr2_65924170_65930343	1	13	0	0
chr2_66138949_66144939	4	7	0	3
chr2_66206329_66212369	3	9	0	0
chr2_66391130_66397150	0	8	0	0
chr2_66627088_66633235	12	42	10	29
chr2_66642648_66648743	3	3	1	2
chr2_71411474_71417501	0	5	0	0
chr2_72015949_72021960	44	18	10	4
chr2_72063975_72069997	11	6	0	0
chr2_72403730_72409869	4	7	2	5
chr2_73460454_73466651	1	2	0	0
chr2_73480076_73486099	30	7	2	0
chr2_73721395_73727535	14	11	2	0
chr2_76090648_76096785	0	8	0	0
chr2_76345152_76351328	2	21	2	11
chr2_76647991_76654020	10	8	5	3
chr2_76702092_76708115	9	1	5	0
chr2_76722834_76729033	3	7	0	0
chr2_76775758_76781758	12	17	2	2
chr2_76795804_76801677	20	12	0	0
chr2_77592831_77598845	6	4	0	0
chr2_77753772_77759778	4	7	0	0
chr2_79105693_79111696	3	10	0	0
chr2_79282256_79288271	7	11	5	6
chr2_799542_805567	3	0	0	0
chr2_80093001_80099154	2	10	1	1
chr2_83088804_83094831	39	22	11	4
chr2_83347474_83353489	1	2	0	0
chr2_83768302_83774332	5	10	0	0
chr2_84224738_84230910	0	8	0	0
chr2_85963806_85969950	1	9	1	6
chr2_86655238_86661268	6	3	0	0
chr2_90350348_90356484	0	0	0	0
chr2_9038331_9044482	15	16	8	11
chr2_91921173_91927204	0	1	0	1
chr2_95252086_95258210	2	3	0	0
chr2_96378981_96385131	9	4	1	2
chr2_9860962_9867093	22	17	2	1
chr2_98977835_98984013	4	5	0	2
chr3_100509607_100515641	3	13	0	0
chr3_101108330_101114476	2	12	2	3
chr3_102008204_102014355	2	10	0	0
chr3_103220448_103226476	9	15	6	2
chr3_103556537_103562569	5	3	0	0
chr3_105296223_105302219	14	6	5	0
chr3_106665293_106671324	15	15	0	0
chr3_106975444_106981476	9	17	1	1
chr3_107144092_107150246	21	31	13	13
chr3_107333744_107339866	1	4	0	1
chr3_107692204_107698221	2	6	1	0
chr3_108749400_108755425	25	19	0	0
chr3_109199872_109205903	7	18	0	0
chr3_109508196_109514400	2	55	2	47
chr3_110440086_110446113	4	5	0	0
chr3_110632031_110638051	1	7	0	1
chr3_110911437_110917460	0	3	0	2
chr3_111018716_111024745	5	9	0	0
chr3_111556203_111562234	5	2	0	0
chr3_112211221_112217359	3	14	3	6
chr3_112233483_112239593	1	20	0	4
chr3_112659127_112665164	2	11	0	1
chr3_112724116_112730267	24	24	23	14
chr3_113366591_113372740	2	25	2	7
chr3_114276891_114282906	11	19	2	15
chr3_115312305_115318470	4	8	0	0
chr3_116203398_116209426	13	11	0	0
chr3_116359999_116366026	5	6	0	0
chr3_116455196_116461295	7	5	2	4
chr3_118914243_118920271	37	7	0	0
chr3_119001470_119007490	28	13	0	0
chr3_119045132_119051153	33	10	20	1
chr3_119106586_119112745	2	2	0	0
chr3_119563180_119569317	4	11	1	4
chr3_120372615_120378640	12	5	0	0
chr3_120573021_120579186	16	11	8	2
chr3_120973554_120979692	2	10	0	0
chr3_121932760_121938786	1	8	0	1
chr3_122041911_122047938	31	6	16	3
chr3_122137076_122143228	10	3	0	0
chr3_122732871_122739022	4	4	0	0
chr3_125936638_125942696	2	8	0	1
chr3_126331604_126337586	5	11	2	6
chr3_126801074_126807208	16	29	1	1
chr3_131115989_131122113	0	1	0	0
chr3_131331470_131337625	0	11	0	0
chr3_132371232_132377261	30	16	16	14
chr3_132760656_132766652	3	8	1	0
chr3_132946006_132952034	7	9	0	0
chr3_133000000_133005662	2	6	0	0
chr3_133681221_133687356	1	16	0	0
chr3_133723674_133729811	4	21	0	0
chr3_135025209_135031249	13	22	5	11
chr3_135252214_135258230	2	9	0	2
chr3_135584725_135590755	11	17	0	0
chr3_135658603_135664636	15	5	12	1
chr3_136479056_136485103	17	16	0	0
chr3_136963693_136969736	33	9	24	3
chr3_137412472_137418746	3	4	2	2
chr3_137633714_137639732	3	6	0	0
chr3_137660583_137666719	7	29	5	23
chr3_1387560_1393571	1	8	1	2
chr3_139590956_139596035	13	6	0	0
chr3_140479951_140486093	2	11	0	0
chr3_141135363_141141479	28	12	21	5
chr3_141757129_141763153	24	24	0	0
chr3_142290203_142296232	14	8	7	6
chr3_142475105_142481234	4	10	0	0
chr3_143662333_143668488	6	15	2	9
chr3_145252617_145258622	7	4	0	0
chr3_145927778_145933791	15	22	13	16
chr3_151241772_151247772	15	3	0	0
chr3_15186665_15192699	2	8	0	1
chr3_153235756_153241782	8	2	0	0
chr3_153506403_153512405	3	15	0	5
chr3_153796804_153802956	0	4	0	0
chr3_153983402_153989527	2	6	2	3
chr3_155119416_155125444	1	2	0	1
chr3_155469062_155475088	19	13	6	9
chr3_155541893_155548049	6	13	3	4
chr3_156278973_156284990	18	7	0	0
chr3_157685205_157691319	0	12	0	1
chr3_157724697_157730723	6	14	0	6
chr3_157879333_157885499	5	7	0	0
chr3_158019676_158025704	25	3	0	0
chr3_158324235_158330363	3	8	0	4
chr3_158511108_158517123	16	10	7	6
chr3_158634523_158640540	5	2	0	0
chr3_159095379_159101394	17	11	0	0
chr3_159392310_159398352	3	8	0	0
chr3_159505478_159511616	3	14	0	6
chr3_162405866_162411893	33	10	22	4
chr3_163236941_163242962	12	4	0	0
chr3_165572331_165578354	6	3	0	0
chr3_166021102_166027124	5	17	0	0
chr3_16676612_16682753	5	9	0	0
chr3_167129352_167135528	3	20	0	0
chr3_167275267_167281266	3	9	0	0
chr3_169679487_169685517	20	19	1	0
chr3_170662387_170668526	8	39	8	27
chr3_170878556_170884584	10	20	0	1
chr3_170932917_170939072	8	11	0	1
chr3_174259685_174265694	34	2	0	0
chr3_175781710_175787737	33	4	0	0
chr3_176016123_176022184	3	16	0	4
chr3_176705531_176711710	2	6	0	0
chr3_177388770_177394751	0	6	0	0
chr3_177659339_177665319	1	25	1	13
chr3_178859948_178865979	4	3	0	2
chr3_179126722_179132866	6	10	0	0
chr3_182426092_182432110	0	4	0	0
chr3_187052299_187058423	26	58	17	35
chr3_187412123_187418152	4	6	0	0
chr3_187862480_187868516	35	20	21	8
chr3_187890220_187896214	35	11	0	0
chr3_188372709_188378861	4	19	0	6
chr3_18930482_18936506	6	5	0	0
chr3_18957806_18963833	9	22	0	0
chr3_18975949_18982086	2	24	2	15
chr3_19097368_19103347	3	30	2	13
chr3_192149315_192155328	2	1	0	0
chr3_192739213_192745242	27	6	0	0
chr3_19370610_19376625	6	7	0	0
chr3_195087672_195093677	50	27	28	16
chr3_19855048_19861075	12	10	6	5
chr3_22737735_22743754	0	1	0	0
chr3_22801378_22807403	7	30	0	0
chr3_23349243_23355385	17	5	0	1
chr3_24089454_24095487	28	17	0	0
chr3_25199455_25205563	4	9	2	1
chr3_26036528_26042769	9	23	0	0
chr3_26239082_26245212	3	20	0	0
chr3_26384735_26390767	1	3	0	0
chr3_26398017_26404045	9	4	0	0
chr3_2666594_2672735	1	12	0	3
chr3_26783096_26789130	3	5	0	0
chr3_26881365_26887510	1	16	1	11
chr3_27815983_27821983	27	11	0	0
chr3_29993917_29999918	1	15	0	0
chr3_32010453_32016606	1	6	0	1
chr3_33281055_33287153	4	6	4	2
chr3_33671454_33677714	6	6	0	0
chr3_34079711_34085844	0	25	0	11
chr3_34413126_34419172	12	12	0	0
chr3_34427736_34433885	0	5	0	1
chr3_35225817_35231938	0	10	0	0
chr3_35818653_35824692	11	11	2	0
chr3_3719386_3725382	19	19	8	9
chr3_38405400_38411538	1	9	1	0
chr3_38932236_38938390	0	3	0	2
chr3_3963076_3969110	3	15	0	0
chr3_39994053_39999999	1	2	1	0
chr3_40154990_40161029	5	3	0	0
chr3_40902374_40908432	2	4	2	2
chr3_40953869_40960021	9	24	1	14
chr3_41642194_41648350	4	7	4	3
chr3_4253248_4259276	11	9	0	0
chr3_43064774_43070790	13	7	8	1
chr3_43565822_43571847	1	3	1	0
chr3_43678954_43685094	2	1	2	1
chr3_46783105_46789138	8	5	0	0
chr3_4916534_4922591	34	15	1	1
chr3_50973137_50979172	4	4	0	0
chr3_51199048_51205178	1	6	0	0
chr3_53365276_53371325	4	13	0	0
chr3_53921747_53927805	1	3	0	2
chr3_54284955_54291072	5	5	0	0
chr3_54394322_54400323	2	9	0	0
chr3_54458770_54464920	6	3	1	0
chr3_55046104_55052129	26	9	20	6
chr3_55831626_55837762	11	6	5	6
chr3_5590805_5596951	2	16	0	4
chr3_56213069_56219149	3	14	1	7
chr3_56945132_56951290	0	5	0	0
chr3_57324583_57330726	1	4	0	1
chr3_58758539_58764668	5	30	4	8
chr3_58806577_58812715	3	6	0	0
chr3_58816278_58822304	4	1	0	0
chr3_58842154_58848179	13	2	0	0
chr3_59613855_59619953	0	8	0	0
chr3_60710285_60715325	0	4	0	0
chr3_60960425_60966566	3	2	0	0
chr3_6266919_6273034	4	14	0	0
chr3_63136268_63142301	12	45	0	2
chr3_63211708_63217714	5	29	0	0
chr3_63645170_63651333	7	63	0	0
chr3_63733312_63739364	149	77	22	5
chr3_6484911_6490929	4	9	0	0
chr3_65509292_65515316	2	9	0	0
chr3_66842801_66848943	0	8	0	2
chr3_67147643_67153797	2	2	2	0
chr3_67393029_67399181	16	17	3	4
chr3_6764136_6770100	5	10	0	0
chr3_67775624_67782079	0	20	0	8
chr3_67947816_67953946	1	13	0	6
chr3_68076319_68082339	3	15	0	6
chr3_6945054_6951190	0	9	0	0
chr3_69475205_69481363	5	17	0	0
chr3_70285056_70291083	8	4	6	3
chr3_70675668_70681798	10	38	8	36
chr3_73990712_73996834	2	9	0	0
chr3_74156962_74163113	3	4	0	0
chr3_75091959_75098014	3	21	0	1
chr3_75119849_75125881	4	3	0	0
chr3_75273461_75279470	2	12	2	8
chr3_75831756_75837912	0	0	0	0
chr3_77210593_77216723	1	4	0	0
chr3_77763677_77769678	4	2	0	0
chr3_78487036_78493167	1	4	0	1
chr3_78675184_78681346	4	23	1	16
chr3_78944526_78950672	3	17	2	10
chr3_80891646_80897665	8	24	0	0
chr3_809376_815406	8	7	0	0
chr3_81051389_81057413	0	4	0	0
chr3_81878123_81884278	4	12	3	2
chr3_82104884_82111042	0	7	0	2
chr3_82370309_82376434	1	9	1	2
chr3_85153071_85158885	4	5	0	0
chr3_85289930_85295940	8	25	1	4
chr3_8611524_8617535	31	16	0	0
chr3_8716076_8722097	38	21	0	0
chr3_87340526_87346504	4	9	0	0
chr3_88503101_88509122	3	14	0	0
chr3_88869833_88875863	10	5	0	0
chr3_89345615_89351640	19	7	0	0
chr3_89460825_89466856	14	4	5	0
chr3_89747613_89753632	0	9	0	0
chr3_89869044_89875069	2	1	0	0
chr3_89939076_89945113	3	18	0	0
chr3_89957833_89963855	12	5	2	2
chr3_90169567_90175598	8	1	0	0
chr3_90334081_90340103	10	13	5	8
chr3_90430658_90436681	17	53	14	41
chr3_91314638_91320763	1	9	1	8
chr3_93766941_93772994	1	12	0	11
chr3_93949717_93955738	1	9	0	8
chr3_94745469_94751496	4	15	0	0
chr3_94846027_94852063	4	3	0	0
chr3_95059814_95065951	7	6	0	0
chr3_95657314_95663341	6	18	2	8
chr3_96936611_96942758	2	8	0	1
chr3_96979060_96985198	4	9	0	0
chr3_97904737_97910773	7	8	0	1
chr3_98174083_98180245	0	2	0	2
chr3_98406586_98412727	5	10	0	0
chr3_99733146_99739243	2	12	1	0
chr4_100000524_100006553	19	14	1	0
chr4_100043522_100049465	10	12	7	6
chr4_101405667_101411695	3	9	0	6
chr4_102374729_102380899	1	8	1	2
chr4_103250265_103256290	18	6	8	0
chr4_104321484_104327628	2	25	1	19
chr4_104687024_104692901	17	11	7	6
chr4_104786988_104793014	11	17	3	8
chr4_105307236_105313391	1	14	1	6
chr4_105729743_105735830	3	7	1	3
chr4_105860130_105866235	2	9	1	8
chr4_106213354_106219380	10	5	1	0
chr4_106571057_106577070	9	2	0	0
chr4_106935103_106941147	2	19	1	12
chr4_107672082_107678199	8	8	2	2
chr4_11060915_11066938	1	4	0	0
chr4_110757482_110763634	0	5	0	0
chr4_110870809_110876821	11	9	0	0
chr4_111147043_111153194	0	4	0	0
chr4_111336943_111342946	11	6	2	1
chr4_111377903_111384069	8	22	7	14
chr4_111894801_111900831	2	6	0	0
chr4_11235217_11241254	5	28	3	19
chr4_112575290_112581425	1	8	0	0
chr4_113489138_113495167	16	2	0	0
chr4_11378740_11384770	7	14	0	0
chr4_11578358_11583517	3	28	2	17
chr4_116405696_116411731	8	5	0	0
chr4_116775043_116781055	6	6	2	6
chr4_117921983_117927986	2	7	0	2
chr4_119061901_119068062	3	15	2	7
chr4_119948726_119954758	16	7	5	1
chr4_120508813_120515250	2	3	0	1
chr4_12089981_12096125	1	8	0	4
chr4_122492915_122499068	4	6	0	1
chr4_122939633_122945796	0	3	0	0
chr4_12334559_12340607	1	21	1	8
chr4_123721384_123727541	2	4	0	0
chr4_12461348_12467472	1	5	0	2
chr4_126860856_126867000	1	8	0	0
chr4_126928255_126934284	2	1	0	0
chr4_127020568_127026555	5	2	0	0
chr4_127062560_127068603	0	18	0	4
chr4_127472690_127478829	2	6	0	1
chr4_12748272_12754295	2	5	0	0
chr4_127588930_127594962	6	8	1	0
chr4_127650220_127656245	13	4	1	1
chr4_127676608_127682756	1	7	0	0
chr4_128213789_128219796	33	4	0	0
chr4_129023547_129029691	6	4	0	0
chr4_12903431_12909456	9	24	1	0
chr4_129853905_129859930	1	2	0	0
chr4_130046202_130052342	2	4	1	2
chr4_132631286_132637304	12	8	0	0
chr4_132944445_132950433	9	2	0	0
chr4_133733942_133739952	9	4	0	0
chr4_134207778_134213927	1	14	0	0
chr4_135178140_135183747	3	10	3	3
chr4_135447537_135453551	14	7	0	0
chr4_136293494_136299546	24	6	0	0
chr4_138881278_138887439	3	12	3	9
chr4_14009454_14015486	27	8	5	1
chr4_140413342_140419363	8	6	0	0
chr4_140782680_140788847	5	25	2	13
chr4_141377781_141383925	0	6	0	0
chr4_141549289_141555444	6	12	0	0
chr4_141877346_141883376	10	5	0	0
chr4_142253344_142259388	4	4	0	0
chr4_142990876_142997042	5	12	0	0
chr4_143100259_143106289	33	16	0	0
chr4_143659114_143665240	4	5	0	0
chr4_144391554_144397691	0	15	0	11
chr4_144768558_144774706	1	12	0	1
chr4_14480751_14486827	13	11	7	4
chr4_144836726_144842477	1	5	0	0
chr4_145369388_145375369	2	5	0	0
chr4_146350018_146356052	4	1	0	0
chr4_146552929_146559080	5	22	2	17
chr4_14660296_14666326	3	1	0	0
chr4_147465925_147471941	0	14	0	0
chr4_14755114_14761144	17	8	0	0
chr4_148317874_148323904	20	4	0	0
chr4_149088594_149094734	6	16	3	9
chr4_149848204_149854224	7	10	1	1
chr4_149915524_149921557	1	4	0	0
chr4_150502570_150507814	2	4	0	0
chr4_151511295_151517459	3	3	0	0
chr4_15174004_15180043	3	4	0	0
chr4_15278666_15284652	7	2	0	1
chr4_156284540_156290599	11	6	0	0
chr4_156367269_156373295	6	3	1	1
chr4_157174892_157180916	2	3	0	0
chr4_158084240_158090272	2	10	1	0
chr4_158362555_158368702	0	9	0	0
chr4_15841546_15847572	12	6	0	0
chr4_158544449_158550599	6	19	0	0
chr4_159709512_159715562	32	17	21	7
chr4_159804371_159810375	0	5	0	0
chr4_160120217_160126215	58	32	48	20
chr4_160151167_160157326	4	10	0	2
chr4_160574032_160580085	11	6	1	0
chr4_163207006_163212968	3	6	0	0
chr4_163632232_163638253	14	10	0	0
chr4_163719033_163725152	1	17	0	7
chr4_164241613_164247620	7	3	0	0
chr4_164350749_164356776	0	9	0	8
chr4_164553492_164559523	2	7	0	0
chr4_16557085_16563224	17	12	5	4
chr4_166463312_166469345	8	0	0	0
chr4_166569976_166576007	3	11	0	0
chr4_166755895_166761908	0	5	0	0
chr4_167276135_167282161	1	4	0	0
chr4_167343516_167349561	33	20	10	11
chr4_167857881_167863903	2	15	1	10
chr4_168441989_168448038	16	8	0	0
chr4_169515501_169521532	20	4	0	0
chr4_170263278_170269442	0	8	0	5
chr4_170431382_170437424	15	9	0	0
chr4_170639225_170645417	0	14	0	3
chr4_171903130_171909158	0	2	0	0
chr4_173603062_173609186	1	6	0	0
chr4_173785907_173792044	9	24	3	18
chr4_174411896_174418039	0	10	0	0
chr4_174778462_174784478	6	7	0	0
chr4_175019740_175025751	7	8	0	0
chr4_178015030_178021062	9	3	0	0
chr4_178636688_178642035	0	15	0	1
chr4_179636522_179642706	2	2	0	0
chr4_181408889_181414915	8	0	0	0
chr4_182356716_182362873	6	4	0	1
chr4_182779057_182785080	7	13	5	3
chr4_186110393_186116420	10	2	0	0
chr4_187050521_187056650	2	6	0	0
chr4_187856785_187862920	0	6	0	0
chr4_188558269_188564287	11	4	0	0
chr4_20738625_20744778	0	6	0	1
chr4_21103586_21109754	1	6	0	0
chr4_21352152_21358331	0	3	0	0
chr4_22146427_22152457	2	9	1	2
chr4_23614771_23620793	4	8	0	0
chr4_23641744_23647772	5	32	3	25
chr4_24938412_24944561	9	18	7	8
chr4_27070203_27076264	9	7	1	3
chr4_27375687_27381719	17	7	0	0
chr4_41270421_41276554	5	20	3	4
chr4_42696300_42702436	3	7	0	0
chr4_43092867_43099023	2	3	0	0
chr4_44264460_44270554	0	10	0	0
chr4_44743989_44750132	3	5	3	0
chr4_46567128_46573270	0	7	0	2
chr4_47294116_47300250	1	5	0	0
chr4_48051954_48057974	15	4	0	0
chr4_48711074_48717284	4	4	0	0
chr4_48864580_48870732	1	13	0	3
chr4_48917870_48923851	4	17	0	0
chr4_4953897_4959919	7	6	0	0
chr4_52319788_52325813	1	0	0	0
chr4_5241574_5247720	4	36	1	26
chr4_52446348_52452482	0	4	0	0
chr4_52538471_52544498	9	8	4	8
chr4_52816456_52822486	4	5	0	0
chr4_52895176_52901291	9	22	4	10
chr4_52970031_52976182	4	7	1	1
chr4_53297965_53304112	6	7	5	4
chr4_53328731_53334762	2	5	0	0
chr4_53339989_53346107	11	13	4	4
chr4_53404014_53410141	7	10	0	0
chr4_53823629_53829782	4	17	2	9
chr4_53877116_53883135	7	9	3	3
chr4_54243580_54249798	8	10	7	6
chr4_5438601_5444628	19	27	3	14
chr4_54528934_54535093	37	58	34	52
chr4_5490577_5496698	3	14	0	1
chr4_5518180_5523974	3	12	2	2
chr4_55619153_55625181	8	8	0	0
chr4_55841737_55847894	0	11	0	0
chr4_5593579_5599733	1	15	0	0
chr4_56331254_56337382	16	11	1	0
chr4_57562316_57568347	1	8	0	0
chr4_5761914_5767928	3	5	0	0
chr4_60831273_60837284	4	11	4	9
chr4_61367239_61373248	4	8	4	6
chr4_61641294_61647303	7	5	0	3
chr4_61743721_61749869	5	11	4	4
chr4_61939927_61945962	10	3	0	0
chr4_62726948_62732969	0	9	0	0
chr4_64859153_64865171	18	5	0	0
chr4_65052166_65058198	2	8	1	4
chr4_65288237_65294261	2	5	0	0
chr4_65993299_65999302	2	2	0	0
chr4_66545118_66551255	1	7	0	0
chr4_67062389_67068523	0	10	0	1
chr4_67177042_67183058	1	3	0	0
chr4_67967414_67973442	7	5	0	0
chr4_68194058_68200204	1	7	0	2
chr4_68420253_68426333	0	6	0	3
chr4_71053846_71059857	0	5	0	3
chr4_71791666_71797803	0	11	0	5
chr4_72163776_72169919	0	3	0	0
chr4_72514834_72520993	1	12	1	5
chr4_72593713_72599863	1	6	0	0
chr4_73360155_73366246	1	3	0	0
chr4_75126805_75132838	9	10	0	0
chr4_75270579_75276607	6	2	0	0
chr4_75401194_75407226	28	27	7	4
chr4_75442536_75448552	9	7	0	0
chr4_78105735_78111765	16	4	0	0
chr4_78112832_78118967	2	7	1	1
chr4_78301853_78307882	4	12	0	0
chr4_78347980_78354013	2	2	0	0
chr4_79704552_79710581	8	8	0	0
chr4_79937715_79943746	2	9	0	0
chr4_79966907_79972933	8	7	1	1
chr4_80855406_80861562	3	2	0	0
chr4_81714938_81720512	5	33	5	30
chr4_81931746_81937925	2	2	0	0
chr4_82184119_82190281	1	34	0	31
chr4_83397906_83404039	0	9	0	0
chr4_83952175_83958205	0	6	0	0
chr4_84126785_84132814	8	8	1	2
chr4_84987206_84993388	1	5	0	2
chr4_86070390_86076419	4	3	0	0
chr4_86134671_86140696	7	9	0	0
chr4_87347103_87353146	5	2	0	0
chr4_87710373_87716399	3	4	0	0
chr4_88870166_88876304	4	8	0	2
chr4_88919559_88925734	3	3	0	0
chr4_90699987_90706061	0	15	0	6
chr4_91437491_91443691	4	11	0	1
chr4_91786024_91792049	2	7	1	2
chr4_91978211_91984413	3	5	0	0
chr4_92916365_92922491	2	11	1	3
chr4_92938563_92944694	4	9	1	5
chr4_93589053_93595080	13	14	0	0
chr4_93608283_93614338	5	4	0	0
chr4_93638307_93644337	2	2	0	0
chr4_93676798_93682944	2	6	0	0
chr4_94309125_94315291	4	6	4	0
chr4_94835758_94841785	8	15	2	4
chr4_95133878_95140064	2	2	0	2
chr4_95171232_95177256	5	3	0	0
chr4_95791404_95797509	2	3	0	0
chr4_95914759_95920788	6	13	0	3
chr4_96409195_96415225	9	6	3	0
chr4_97560897_97566581	5	9	1	1
chr4_97633479_97639503	2	2	0	0
chr4_97777927_97784080	1	0	0	0
chr4_98018021_98024143	1	5	0	0
chr4_98592435_98598463	12	11	0	0
chr4_99492128_99498275	1	6	0	0
chr4_99765432_99771462	4	13	0	0
chr4_99792655_99798764	4	17	2	2
chr5_100458104_100464295	10	34	6	27
chr5_101180130_101186147	6	1	0	0
chr5_102131356_102137385	10	17	0	0
chr5_102671229_102677260	53	9	33	2
chr5_103046752_103052769	13	11	1	0
chr5_104074362_104080381	5	2	0	0
chr5_104446375_104452406	20	8	1	0
chr5_104518587_104524616	1	3	0	0
chr5_105513236_105519274	11	4	0	0
chr5_106425382_106431381	1	6	0	0
chr5_106713866_106719888	6	7	0	0
chr5_106898992_106905178	8	26	2	13
chr5_109259387_109265418	19	5	2	0
chr5_109441620_109447643	4	12	1	6
chr5_110278636_110284796	0	23	0	19
chr5_110933986_110940119	0	6	0	2
chr5_110985740_110991743	2	3	0	1
chr5_111029735_111035854	1	3	1	1
chr5_111084879_111090908	8	7	0	0
chr5_111302238_111308262	3	3	0	0
chr5_111986003_111992116	0	6	0	2
chr5_112460747_112466882	3	6	0	1
chr5_114157007_114163149	2	12	0	9
chr5_114813131_114819396	4	30	3	23
chr5_115674518_115680703	3	2	1	1
chr5_117338253_117344286	2	7	0	0
chr5_117527598_117533625	20	4	11	2
chr5_118382971_118389064	12	6	0	0
chr5_119684785_119690814	4	2	0	0
chr5_120176046_120182173	0	3	0	1
chr5_120421208_120427233	9	17	4	9
chr5_120831425_120836963	6	5	5	1
chr5_121064235_121070241	17	30	9	21
chr5_122377544_122383563	7	16	0	0
chr5_122509616_122515639	20	13	15	4
chr5_122592542_122598662	2	2	1	0
chr5_123236611_123242616	21	11	0	0
chr5_125359000_125365032	43	19	2	1
chr5_126890286_126896333	18	5	8	2
chr5_126903810_126909817	0	8	0	0
chr5_127733931_127739952	3	7	0	0
chr5_127747107_127753135	6	12	1	7
chr5_128293846_128299849	7	7	0	0
chr5_128937637_128943755	1	9	1	2
chr5_130732094_130738109	2	7	0	1
chr5_130783490_130789657	4	11	4	6
chr5_130817737_130823763	13	17	8	12
chr5_130897566_130903669	0	13	0	0
chr5_131028721_131034857	0	3	0	0
chr5_131331966_131338103	1	4	0	0
chr5_131893739_131899064	7	25	5	23
chr5_132116469_132122838	23	23	22	18
chr5_132513964_132519996	8	2	6	2
chr5_13416497_13422525	7	2	0	0
chr5_134331307_134337485	2	11	2	3
chr5_137968595_137974622	7	10	0	0
chr5_139005423_139011486	0	3	0	0
chr5_143852080_143858214	4	14	1	8
chr5_145418732_145424748	44	5	35	2
chr5_146609485_146615534	19	19	0	0
chr5_147715845_147721872	8	7	6	6
chr5_147941118_147947133	17	7	12	2
chr5_148230602_148236590	2	4	0	0
chr5_148942273_148948290	14	13	0	0
chr5_150742837_150748950	10	12	0	1
chr5_150964139_150970275	0	8	0	0
chr5_152207300_152213333	12	3	0	0
chr5_152340020_152346052	21	14	0	0
chr5_152653965_152659898	1	9	0	0
chr5_152740936_152746968	3	17	2	14
chr5_152762660_152768698	2	10	0	0
chr5_152886441_152892473	5	8	0	0
chr5_15291930_15298100	20	21	14	10
chr5_153070982_153077008	5	20	0	0
chr5_153325326_153331330	0	8	0	0
chr5_153381391_153387536	2	9	0	1
chr5_153723252_153729397	0	16	0	6
chr5_155168337_155174487	5	8	2	6
chr5_156061919_156067966	7	3	0	0
chr5_156605055_156611189	1	9	0	0
chr5_15906515_15912550	20	13	0	0
chr5_160709608_160715639	12	5	0	0
chr5_160873524_160879549	2	4	0	1
chr5_161606050_161612084	8	14	4	11
chr5_162578034_162584195	0	8	0	0
chr5_162690774_162696913	0	7	0	0
chr5_16335410_16341440	12	9	0	0
chr5_166966760_166972815	18	8	0	0
chr5_169819644_169825775	6	33	5	17
chr5_170239776_170245795	4	20	0	0
chr5_1709818_1715835	33	29	15	13
chr5_171083963_171089973	14	6	0	0
chr5_173402796_173408828	18	9	0	0
chr5_175397769_175403801	16	9	9	5
chr5_176276446_176282584	0	3	0	0
chr5_176282585_176287631	11	23	11	21
chr5_17749600_17755756	8	5	0	0
chr5_177772245_177778274	1	0	0	0
chr5_179101069_179107079	15	16	5	8
chr5_180902521_180908537	41	16	21	8
chr5_18471816_18477834	2	14	0	0
chr5_19161336_19167360	23	4	0	0
chr5_21107412_21113430	68	15	43	9
chr5_25077653_25083685	0	8	0	0
chr5_25113737_25119754	4	9	0	0
chr5_25378529_25384556	8	12	1	1
chr5_28798790_28804814	12	15	4	10
chr5_30423377_30429507	1	5	0	0
chr5_30817969_30823996	1	4	0	0
chr5_33095903_33102047	5	9	1	0
chr5_33122370_33128395	15	17	0	0
chr5_33539828_33546021	16	57	16	41
chr5_33568655_33574761	5	16	0	0
chr5_34147845_34154031	3	0	0	0
chr5_3439025_3445063	3	12	0	0
chr5_35075072_35081201	2	11	1	2
chr5_35256058_35262086	5	39	5	26
chr5_35396097_35402235	18	24	8	10
chr5_35494184_35500000	13	15	6	11
chr5_35568225_35574246	11	4	1	0
chr5_35911739_35917876	7	4	0	0
chr5_36184263_36190366	6	11	2	6
chr5_38169496_38175529	25	9	0	0
chr5_38625599_38631747	43	51	22	32
chr5_39034329_39040476	1	17	0	0
chr5_39343059_39349181	2	28	1	13
chr5_39787652_39793671	30	5	7	0
chr5_40541305_40547335	20	13	7	3
chr5_41205257_41211396	2	15	1	13
chr5_41487919_41494088	8	20	4	14
chr5_42254239_42260389	3	3	0	0
chr5_42412311_42418555	6	14	0	8
chr5_42476884_42483030	0	14	0	1
chr5_42659631_42665759	3	14	2	9
chr5_42734714_42740780	4	8	0	0
chr5_42931680_42937866	0	4	0	1
chr5_43260613_43266748	6	32	2	10
chr5_43717953_43723974	5	5	0	0
chr5_44578944_44584955	11	18	11	10
chr5_44668502_44674529	2	9	0	0
chr5_45346381_45352534	0	10	0	7
chr5_45493599_45499615	3	4	0	1
chr5_45580536_45586672	2	10	2	0
chr5_45658440_45664470	1	8	0	3
chr5_45743085_45749194	6	46	6	25
chr5_45832860_45838845	0	5	0	0
chr5_45881229_45887211	0	6	0	0
chr5_4615428_4621437	5	11	3	3
chr5_46193424_46199442	2	29	1	28
chr5_46371372_46377390	4	28	4	25
chr5_50280227_50286251	2	7	1	3
chr5_50330069_50336236	12	48	10	43
chr5_50483964_50490136	0	2	0	0
chr5_50596109_50602273	9	24	6	17
chr5_51250746_51256770	3	5	1	0
chr5_51304490_51310641	5	13	0	0
chr5_51348667_51354822	4	8	1	6
chr5_51785150_51791298	1	28	0	1
chr5_51951743_51957834	3	5	1	4
chr5_52097924_52102941	1	5	0	0
chr5_53141066_53147199	7	22	4	15
chr5_53660005_53665971	2	11	1	3
chr5_55075360_55081502	4	6	3	3
chr5_55803330_55809463	6	4	1	0
chr5_57351496_57357526	15	9	0	0
chr5_58215915_58222036	3	15	0	3
chr5_58288061_58294158	3	20	0	0
chr5_58552269_58558283	8	12	6	6
chr5_59394720_59400744	2	4	0	0
chr5_60044367_60050391	0	14	0	7
chr5_60103870_60110024	0	10	0	7
chr5_60420575_60426695	6	29	6	22
chr5_60570768_60576107	4	1	0	0
chr5_61238874_61245001	6	11	0	0
chr5_62798974_62804997	23	8	0	1
chr5_62817292_62823372	16	11	0	0
chr5_63581796_63587933	8	10	0	0
chr5_64129091_64135124	7	8	0	0
chr5_64477092_64483253	2	3	0	0
chr5_64709034_64715065	11	6	0	0
chr5_65164017_65170048	4	6	0	0
chr5_65370262_65376273	3	10	0	7
chr5_67598336_67604471	0	9	0	0
chr5_67703676_67708855	1	8	0	2
chr5_67736897_67742931	5	4	0	0
chr5_67757565_67763694	4	2	0	0
chr5_67780007_67786186	7	22	3	13
chr5_67817944_67823959	5	6	0	0
chr5_67889604_67895628	10	14	0	0
chr5_71604580_71610593	17	2	0	0
chr5_7193769_7199795	0	8	0	0
chr5_7230590_7236733	0	8	0	4
chr5_72577317_72583458	12	6	0	0
chr5_73874410_73880569	3	3	0	0
chr5_74706305_74712443	6	2	0	0
chr5_75175748_75182091	3	8	2	3
chr5_75642235_75648286	11	9	0	0
chr5_75695698_75701728	6	9	0	0
chr5_76032249_76038204	1	3	0	0
chr5_77474802_77480837	10	3	0	0
chr5_78118215_78124355	1	6	0	0
chr5_78452185_78458210	6	3	0	0
chr5_78681963_78688078	4	7	2	4
chr5_78848085_78854204	4	6	0	0
chr5_78866805_78872828	7	14	0	0
chr5_78939282_78945425	8	5	3	2
chr5_79778884_79784938	8	3	0	0
chr5_8084215_8090244	0	8	0	0
chr5_81591849_81598022	7	16	0	0
chr5_81616090_81622140	24	5	0	0
chr5_82429400_82435423	17	3	0	0
chr5_82932443_82938460	4	23	2	6
chr5_83457799_83463817	20	12	0	0
chr5_83793611_83799642	34	9	0	1
chr5_84050337_84056479	0	8	0	0
chr5_85638451_85644538	3	10	3	3
chr5_85657593_85663641	2	1	0	0
chr5_86265809_86271139	2	12	1	8
chr5_86510690_86516743	23	5	0	0
chr5_8730856_8736988	0	7	0	4
chr5_88052330_88058345	4	9	1	5
chr5_90073229_90079236	8	6	4	2
chr5_90208331_90214364	8	6	0	0
chr5_90662588_90668637	17	4	1	0
chr5_90816413_90822442	22	16	0	0
chr5_90923630_90929658	6	15	4	7
chr5_91762133_91768161	1	3	0	0
chr5_92193473_92199495	5	7	3	1
chr5_92296968_92302985	6	5	0	0
chr5_93213145_93219176	8	3	0	0
chr5_93261035_93267065	17	7	0	0
chr5_96103200_96109249	3	3	0	0
chr5_96555240_96561368	1	8	0	0
chr5_97234257_97240422	2	8	0	5
chr5_97513923_97519943	3	7	0	0
chr5_97717792_97723895	11	31	6	20
chr5_97809914_97815940	4	13	0	1
chr5_98113450_98119596	1	3	0	0
chr5_98546665_98552701	1	4	0	0
chr5_99557743_99563900	0	0	0	0
chr6_100196461_100202490	23	10	5	5
chr6_100354703_100360725	32	17	0	0
chr6_100580586_100586736	11	11	0	0
chr6_101152252_101158269	7	17	2	10
chr6_101788209_101794361	1	16	0	9
chr6_102088197_102094226	6	15	2	5
chr6_102752889_102758907	32	15	28	11
chr6_103491167_103497188	2	2	0	0
chr6_103709031_103715056	10	17	6	6
chr6_104374607_104380755	0	9	0	3
chr6_104489393_104495424	37	11	0	0
chr6_104737315_104743324	20	10	3	6
chr6_104756574_104762708	5	16	4	6
chr6_105716122_105722275	0	3	0	0
chr6_106404578_106411023	7	32	4	19
chr6_107854715_107860748	21	3	0	0
chr6_109245218_109251251	0	6	0	0
chr6_111903001_111909020	18	4	0	0
chr6_112703745_112709778	7	5	0	0
chr6_112813021_112819047	2	13	0	0
chr6_112914365_112920318	10	4	0	1
chr6_113226487_113232515	21	10	6	2
chr6_113531117_113537147	3	13	0	2
chr6_114720722_114726752	13	4	2	0
chr6_114799879_114806049	1	11	0	0
chr6_114970386_114976401	8	10	1	2
chr6_115175227_115181228	4	3	0	0
chr6_115250072_115256240	0	5	0	4
chr6_115960032_115966060	8	12	0	0
chr6_116342691_116348145	2	9	0	1
chr6_116638696_116644847	4	6	2	1
chr6_117102131_117108163	3	12	1	5
chr6_117181817_117187827	6	9	0	0
chr6_117244752_117250783	10	4	2	3
chr6_117721294_117727439	10	21	7	10
chr6_118426816_118432950	2	10	0	7
chr6_120263391_120268890	2	11	0	6
chr6_120637494_120643647	0	11	0	1
chr6_120688739_120694768	3	2	0	0
chr6_120748350_120754492	1	18	0	6
chr6_121162716_121168725	20	8	0	0
chr6_122537169_122543352	4	9	0	3
chr6_123472074_123478070	5	5	0	1
chr6_124407195_124413266	1	9	0	3
chr6_124706843_124712830	0	16	0	0
chr6_124725696_124731722	1	8	0	0
chr6_124804502_124810643	4	13	0	0
chr6_12549192_12555347	0	1	0	0
chr6_126326598_126332742	2	2	0	0
chr6_126673551_126679569	8	10	4	5
chr6_127593292_127599292	2	9	0	0
chr6_128829462_128835615	2	10	2	10
chr6_128905633_128911663	11	12	0	0
chr6_129167160_129173198	9	11	1	1
chr6_130475515_130481667	2	10	0	1
chr6_131234906_131241067	10	10	3	5
chr6_133020691_133026746	5	2	0	0
chr6_135765469_135771509	10	2	1	0
chr6_139084431_139090562	5	38	4	26
chr6_139210497_139216630	6	11	0	0
chr6_141566105_141572136	11	6	0	0
chr6_141746025_141752036	20	9	4	0
chr6_141814814_141820842	11	14	0	0
chr6_141916863_141922880	15	17	6	8
chr6_141969527_141975701	15	10	10	4
chr6_142577013_142583172	2	10	1	1
chr6_1428614_1434750	2	10	0	0
chr6_143302225_143308357	1	6	0	0
chr6_14479992_14486139	3	5	2	3
chr6_145673301_145679421	1	17	0	0
chr6_148858497_148864630	7	18	3	10
chr6_152028158_152034290	8	21	4	17
chr6_152608998_152615129	11	26	5	18
chr6_156034135_156040165	3	15	0	0
chr6_156324980_156331010	13	4	0	0
chr6_156361254_156367276	5	1	0	0
chr6_158178477_158184036	1	10	0	5
chr6_16010534_16016561	19	10	1	3
chr6_160564531_160570646	1	5	1	3
chr6_160679719_160685751	0	0	0	0
chr6_162838592_162844620	17	6	5	2
chr6_162989737_162995762	16	6	0	0
chr6_164702727_164708899	0	6	0	0
chr6_164781960_164787983	1	3	0	0
chr6_166788874_166795015	0	0	0	0
chr6_18228389_18234361	1	0	0	0
chr6_19220828_19226980	0	2	0	0
chr6_19246948_19253092	22	26	16	12
chr6_22166353_22172500	1	6	0	3
chr6_22174840_22180874	9	3	0	0
chr6_23358988_23365117	4	3	0	1
chr6_23804047_23810075	2	12	1	5
chr6_2417774_2423803	20	5	0	0
chr6_28020757_28026912	5	17	4	9
chr6_28621243_28627390	3	5	3	1
chr6_29779787_29785823	0	5	0	0
chr6_30080599_30086625	3	2	0	0
chr6_3672187_3678310	2	13	1	1
chr6_39454557_39460534	39	28	0	0
chr6_39533018_39539230	12	21	6	13
chr6_39736405_39742567	0	3	0	0
chr6_4328754_4334759	3	13	0	0
chr6_44754479_44760501	9	10	0	0
chr6_44870634_44876665	10	9	0	0
chr6_44878624_44884626	5	6	1	5
chr6_44884629_44890777	2	1	0	0
chr6_45281107_45287253	0	18	0	16
chr6_45669375_45675401	14	15	4	7
chr6_4831172_4836230	0	11	0	0
chr6_48363090_48369117	11	6	4	2
chr6_48737348_48743377	9	3	0	0
chr6_49386880_49392906	15	24	8	19
chr6_49791502_49797511	2	14	1	6
chr6_50619864_50626003	2	7	0	0
chr6_51187669_51193819	1	24	0	12
chr6_51224349_51230496	7	13	3	2
chr6_51874783_51880802	2	11	0	0
chr6_51895656_51901683	5	13	0	0
chr6_52090943_52097103	8	19	0	0
chr6_53400050_53406226	12	22	8	12
chr6_53774041_53780171	3	12	2	4
chr6_54961429_54967437	34	10	13	3
chr6_55363436_55369467	41	15	22	7
chr6_55684657_55690687	1	7	0	3
chr6_56301711_56307870	0	7	0	1
chr6_57334868_57340871	10	9	0	0
chr6_57451781_57457923	0	3	0	0
chr6_57700427_57706542	0	0	0	0
chr6_58226623_58232747	0	13	0	11
chr6_60344718_60350882	0	3	0	0
chr6_60599849_60605969	0	5	0	2
chr6_60616507_60622518	1	9	1	8
chr6_60629792_60635918	0	7	0	0
chr6_60980953_60987074	5	17	3	14
chr6_6185423_6191251	2	16	0	0
chr6_6211664_6217690	2	10	0	0
chr6_6294743_6300768	7	7	7	1
chr6_64389760_64395796	1	8	0	5
chr6_67095414_67101549	2	5	0	0
chr6_68283873_68290045	1	6	1	5
chr6_69439539_69445568	0	1	0	1
chr6_69515143_69521169	5	17	4	6
chr6_70010347_70016552	12	6	0	3
chr6_70317563_70323719	2	18	0	13
chr6_70914791_70920557	1	20	0	7
chr6_70944092_70950217	1	1	0	0
chr6_71270514_71276665	1	9	0	0
chr6_72469432_72475586	1	13	1	0
chr6_72570139_72576167	6	12	0	0
chr6_72988654_72994686	3	4	0	0
chr6_73835382_73841425	4	10	2	1
chr6_74337744_74343920	0	12	0	8
chr6_74660015_74666151	0	33	0	6
chr6_74903761_74909912	2	4	0	1
chr6_75899741_75905745	1	9	0	3
chr6_76105618_76111641	6	6	2	1
chr6_76137899_76143882	2	11	2	9
chr6_76900222_76906229	3	7	0	3
chr6_76958965_76964983	23	12	8	8
chr6_77082477_77088496	2	7	0	0
chr6_77251532_77257669	1	9	0	3
chr6_77798491_77804602	2	28	1	7
chr6_77991081_77997193	1	17	1	7
chr6_78467208_78473345	4	13	4	5
chr6_78646742_78652881	7	8	0	0
chr6_78694312_78700460	1	21	1	11
chr6_79284672_79290791	4	10	1	2
chr6_79319638_79325774	1	6	0	0
chr6_7943195_7949299	1	7	1	0
chr6_80492276_80498296	1	20	1	8
chr6_80567938_80573945	13	10	0	0
chr6_80847739_80853776	3	5	0	0
chr6_81953035_81959176	6	16	3	9
chr6_82101303_82107312	4	13	0	4
chr6_82469506_82475649	5	8	1	0
chr6_82558403_82564423	43	27	25	21
chr6_83333952_83339981	9	8	0	0
chr6_83797742_83803770	6	8	0	0
chr6_84626355_84632366	0	7	0	0
chr6_85307045_85313201	7	23	7	16
chr6_85857293_85863437	4	8	1	1
chr6_85952904_85959050	1	11	0	9
chr6_86000000_86005073	0	0	0	0
chr6_86021488_86027515	2	2	0	0
chr6_86665208_86671238	6	5	0	0
chr6_86806663_86812682	17	5	0	0
chr6_86897717_86903738	9	6	4	2
chr6_86921165_86927317	3	18	0	0
chr6_87323278_87329278	5	14	4	8
chr6_8770471_8776512	24	16	0	0
chr6_88406498_88412530	0	3	0	1
chr6_89225263_89231287	12	7	0	0
chr6_90053981_90060141	12	11	0	1
chr6_91047151_91053161	26	19	14	7
chr6_93631588_93637609	74	38	50	23
chr6_93865738_93871783	9	10	1	5
chr6_94197995_94204060	11	6	0	0
chr6_94824163_94830307	13	1	0	0
chr6_94851129_94857158	2	9	0	0
chr6_97376538_97382707	0	2	0	0
chr6_98083035_98089205	2	19	0	0
chr6_9810750_9816777	28	11	7	3
chr6_98416502_98422520	5	3	3	1
chr6_98703059_98708329	5	9	0	0
chr6_9882323_9888448	1	24	1	12
chr6_99204281_99210436	3	6	0	0
chr6_9966044_9972049	10	13	0	1
chr6_99823597_99829594	8	9	0	0
chr6_99925836_99931990	1	8	0	1
chr6_99969576_99975717	4	3	0	0
chr7_102780677_102786841	1	0	0	0
chr7_104209736_104215889	6	16	0	0
chr7_104276530_104282690	3	15	1	3
chr7_104557650_104563706	26	21	0	0
chr7_104729752_104735841	2	17	0	0
chr7_106684390_106690518	0	4	0	0
chr7_107507907_107514058	13	10	12	3
chr7_107646332_107652477	19	20	0	1
chr7_108272748_108278897	9	42	5	30
chr7_108387569_108393732	6	27	3	9
chr7_108937532_108943685	0	3	0	0
chr7_109687136_109693273	3	14	0	1
chr7_109719133_109725270	7	23	5	17
chr7_109794983_109801140	4	20	0	0
chr7_109919039_109925231	2	29	1	14
chr7_110030129_110036289	1	24	1	0
chr7_110472219_110478325	3	25	1	8
chr7_110557531_110563563	22	9	5	4
chr7_110707004_110713024	12	4	1	0
chr7_111243515_111249546	15	12	0	0
chr7_111445694_111451725	15	13	0	0
chr7_111963193_111969223	6	9	0	0
chr7_112916452_112921936	3	17	1	17
chr7_113257696_113263724	4	13	0	0
chr7_113533338_113538585	13	23	2	5
chr7_113742900_113748900	6	17	0	3
chr7_115025114_115031115	4	33	3	23
chr7_115167768_115173789	11	15	1	1
chr7_116371251_116377392	64	67	52	50
chr7_119586709_119592736	15	6	0	0
chr7_119854820_119860951	1	11	0	10
chr7_122238520_122244551	5	6	5	4
chr7_122278915_122284945	20	19	16	9
chr7_123445190_123451212	0	9	0	0
chr7_124094093_124100210	3	19	0	1
chr7_124979441_124985490	0	6	0	2
chr7_126613401_126619522	1	4	0	0
chr7_133889425_133895455	21	9	0	0
chr7_136414180_136420210	5	9	0	1
chr7_136774756_136780783	4	5	0	0
chr7_136831191_136837216	5	15	0	0
chr7_137181608_137187601	9	1	0	0
chr7_137424398_137430564	0	12	0	2
chr7_140103315_140109396	6	17	2	4
chr7_141062014_141068042	26	16	0	0
chr7_141769961_141776086	6	22	0	0
chr7_141920659_141926712	3	8	0	0
chr7_141980085_141986114	17	22	0	0
chr7_14278870_14285021	3	3	0	3
chr7_14313260_14319290	0	8	0	0
chr7_145412976_145419111	2	7	1	2
chr7_145966590_145972707	11	65	11	56
chr7_146013558_146019592	8	8	2	3
chr7_14647630_14653668	8	5	3	3
chr7_146905784_146911817	11	17	8	11
chr7_147732040_147738166	2	9	1	2
chr7_147842591_147848623	4	5	0	0
chr7_150706238_150712266	1	9	0	0
chr7_152060477_152066587	9	15	1	1
chr7_153865655_153871799	1	5	0	1
chr7_15547309_15553333	3	5	0	0
chr7_156909394_156915542	88	38	60	27
chr7_15940231_15946255	11	7	0	0
chr7_16216428_16222457	23	8	0	0
chr7_17215217_17221355	0	8	0	0
chr7_18985072_18991069	11	18	8	16
chr7_19877681_19883794	0	6	0	0
chr7_19883968_19890109	5	15	5	13
chr7_20067809_20073950	20	63	15	56
chr7_22528296_22534331	3	2	3	2
chr7_23321058_23327074	5	9	0	2
chr7_23822602_23828742	9	4	0	0
chr7_23947171_23953317	0	8	0	1
chr7_25041860_25047891	12	13	0	0
chr7_25603033_25609049	1	7	0	0
chr7_2743552_2749674	38	23	0	0
chr7_27502208_27508199	26	18	1	1
chr7_29579936_29585963	9	17	0	2
chr7_30414475_30420503	10	6	0	0
chr7_30439242_30445274	30	15	0	0
chr7_30636808_30642830	17	8	0	0
chr7_3121545_3127690	22	13	15	10
chr7_31501202_31507228	4	11	0	3
chr7_31619616_31625782	2	14	0	0
chr7_32081883_32088040	4	9	0	0
chr7_32307744_32313917	7	26	0	3
chr7_32464528_32470565	9	12	0	0
chr7_32682678_32688715	8	4	0	0
chr7_32697653_32703545	5	14	4	13
chr7_32708015_32714180	5	1	1	0
chr7_33521747_33527773	12	7	0	0
chr7_33988616_33994636	13	1	0	0
chr7_34169569_34175587	13	6	0	0
chr7_34200242_34206277	9	22	0	0
chr7_34906239_34912252	17	5	0	0
chr7_35092957_35098972	7	2	6	2
chr7_36552965_36559126	0	0	0	0
chr7_37120163_37126300	3	12	0	4
chr7_37163342_37169491	2	6	2	1
chr7_37612053_37618072	0	1	0	0
chr7_39007527_39013552	6	4	0	0
chr7_42580573_42586752	1	4	0	1
chr7_43059096_43065116	2	3	0	0
chr7_43773137_43779287	7	12	2	4
chr7_45947419_45953420	8	11	0	0
chr7_49680245_49686300	3	3	0	0
chr7_50898842_50904874	4	2	0	0
chr7_51594010_51600147	0	7	0	0
chr7_51889909_51895941	4	3	0	0
chr7_53026321_53032336	8	6	0	0
chr7_54041299_54047468	4	19	4	11
chr7_56506419_56512558	0	14	0	8
chr7_56584796_56590824	2	3	0	0
chr7_57036531_57042552	0	0	0	0
chr7_60960478_60966619	0	8	0	0
chr7_61837998_61844054	1	4	1	4
chr7_63148831_63154859	6	1	0	0
chr7_63534282_63540307	0	0	0	0
chr7_65464494_65470584	0	7	0	3
chr7_66286853_66292884	7	11	0	0
chr7_70197328_70203357	12	19	0	0
chr7_7465092_7471120	31	15	2	0
chr7_76728485_76734513	0	1	0	0
chr7_77084513_77090684	0	1	0	0
chr7_78855267_78861359	0	5	0	0
chr7_78887745_78893889	3	13	2	8
chr7_79229794_79235811	9	3	0	0
chr7_79941091_79947236	0	3	0	0
chr7_80713105_80719172	5	8	0	0
chr7_8298113_8304140	19	17	10	11
chr7_83989325_83995342	8	10	0	0
chr7_84049711_84055730	22	33	14	18
chr7_84062409_84068436	33	11	22	11
chr7_85249854_85255879	7	10	3	3
chr7_85329687_85335739	8	3	0	0
chr7_86340208_86346233	3	2	0	0
chr7_86375397_86380999	2	7	0	4
chr7_87039756_87045768	34	7	0	0
chr7_8726340_8732368	3	2	2	1
chr7_87950137_87956279	2	9	0	0
chr7_88077364_88083495	2	15	0	7
chr7_88551035_88557060	69	12	50	11
chr7_90634134_90640272	2	7	0	3
chr7_91056410_91062550	0	2	0	1
chr7_91389493_91395509	2	12	1	3
chr7_91476684_91482819	1	16	0	0
chr7_91506736_91512867	6	2	1	0
chr7_91583270_91589300	48	18	0	0
chr7_91589650_91595794	4	16	4	9
chr7_91903682_91909706	23	10	0	0
chr7_92183756_92189878	6	10	0	0
chr7_93341964_93347980	12	38	2	10
chr7_9398757_9404781	11	10	0	2
chr7_9436392_9442524	0	1	0	0
chr7_95831968_95837992	15	9	2	0
chr7_96288293_96294442	27	8	1	1
chr7_96552195_96558214	5	14	0	0
chr7_96579968_96585972	3	4	0	0
chr7_96846650_96852680	3	8	0	0
chr7_97613656_97619688	13	9	8	3
chr7_99809199_99815231	38	29	15	23
chr8_100852321_100858465	6	31	0	1
chr8_101425780_101431879	9	33	1	8
chr8_101671033_101677223	15	64	5	31
chr8_101678069_101684093	64	17	39	9
chr8_101891500_101897529	16	30	0	11
chr8_102132755_102138891	29	35	5	10
chr8_102316940_102323098	0	9	0	0
chr8_104739851_104745873	28	19	0	0
chr8_105789089_105795234	12	46	0	0
chr8_106023328_106029434	0	20	0	0
chr8_107240608_107246613	38	36	0	0
chr8_107711966_107718092	8	34	4	13
chr8_107889880_107895907	1	8	0	0
chr8_108500299_108506445	3	19	1	14
chr8_108930482_108936587	8	34	6	18
chr8_10932425_10938427	5	1	0	0
chr8_109858630_109864778	10	31	4	8
chr8_112594005_112600030	24	1	1	0
chr8_114000279_114006307	11	9	0	0
chr8_114162725_114168762	8	26	6	20
chr8_114504030_114510051	23	5	9	1
chr8_114580378_114586371	7	13	2	1
chr8_114631285_114637315	2	4	0	1
chr8_115753161_115759177	20	7	0	0
chr8_118548537_118554688	1	15	0	0
chr8_118717723_118723853	15	13	10	7
chr8_119159398_119165410	40	18	5	3
chr8_119233946_119239916	17	6	0	0
chr8_120644161_120650187	18	16	0	0
chr8_121050690_121056795	3	22	0	0
chr8_121417870_121424035	16	18	8	11
chr8_122244418_122250436	1	18	1	9
chr8_123859986_123866007	77	21	0	0
chr8_126199419_126204425	57	36	51	30
chr8_126313241_126319040	74	25	28	7
chr8_126341585_126347597	1	23	0	0
chr8_126799617_126805646	17	5	0	0
chr8_128714351_128720388	2	23	0	0
chr8_128744603_128750663	5	11	0	0
chr8_128759848_128765995	6	10	0	0
chr8_128801232_128807379	8	34	2	21
chr8_128891488_128897521	9	14	4	8
chr8_129152124_129158150	19	14	0	0
chr8_131250361_131256478	0	2	0	0
chr8_131635171_131641188	9	26	5	12
chr8_131770949_131776926	16	13	0	0
chr8_134070756_134076773	14	8	0	0
chr8_135259101_135265130	12	19	0	0
chr8_135335387_135341541	4	24	1	12
chr8_135847335_135853524	2	12	1	0
chr8_135875862_135881890	2	16	0	0
chr8_136190201_136196222	7	35	3	16
chr8_136438074_136444105	1	14	0	0
chr8_137558584_137564612	11	11	0	0
chr8_138042576_138048582	2	1	0	0
chr8_138116165_138122224	4	12	2	4
chr8_138153318_138158990	0	10	0	0
chr8_142849960_142856074	4	30	0	1
chr8_14803216_14809243	3	10	0	3
chr8_15555981_15562028	2	7	0	0
chr8_15576322_15582323	4	6	1	1
chr8_1607577_1613555	11	2	0	0
chr8_16943968_16949995	1	1	0	0
chr8_19930161_19936300	1	4	0	0
chr8_21825719_21831739	9	0	1	0
chr8_23645193_23651219	3	4	0	0
chr8_24448685_24454809	5	10	0	1
chr8_24839573_24845719	0	6	0	0
chr8_25730343_25736354	5	2	2	0
chr8_26395612_26401579	8	3	0	0
chr8_27057852_27063983	6	8	1	2
chr8_27113618_27119645	0	2	0	0
chr8_27549392_27555435	1	4	0	0
chr8_31231264_31237418	0	4	0	2
chr8_3288826_3294970	0	4	0	2
chr8_35171472_35177508	1	6	0	1
chr8_35528045_35534071	0	8	0	6
chr8_36195257_36201393	2	2	0	1
chr8_36388573_36394608	0	2	0	0
chr8_36484640_36490531	4	11	3	9
chr8_40432212_40438240	10	1	0	0
chr8_40647061_40653096	2	6	0	0
chr8_43260607_43266588	5	6	1	3
chr8_43307287_43313276	1	2	0	0
chr8_47018708_47024752	4	7	0	2
chr8_47095089_47100980	3	1	0	0
chr8_47158290_47164269	0	1	0	0
chr8_47316969_47323101	3	4	0	0
chr8_47484871_47491006	4	19	1	6
chr8_47500000_47505742	130	38	99	32
chr8_4854406_4860419	1	3	0	0
chr8_48793905_48799930	5	18	0	0
chr8_50148415_50154511	0	7	0	4
chr8_50687853_50693402	2	8	0	0
chr8_50777704_50783844	0	7	0	3
chr8_52506484_52512618	3	14	3	12
chr8_53337651_53343813	0	5	0	0
chr8_53780543_53786672	1	7	1	1
chr8_55049901_55055999	4	5	0	0
chr8_56146152_56152289	1	7	0	0
chr8_56415221_56421252	2	7	1	1
chr8_57158641_57164655	24	19	0	0
chr8_58370157_58376173	10	15	0	0
chr8_58914690_58920717	3	6	0	0
chr8_59168655_59174679	11	2	0	1
chr8_59869799_59875822	0	4	0	0
chr8_59881856_59888008	1	13	0	1
chr8_6085774_6091899	0	8	0	2
chr8_61115375_61121394	10	2	0	0
chr8_61268015_61274014	0	4	0	0
chr8_61844996_61851156	2	14	1	10
chr8_6191081_6197149	1	0	0	0
chr8_62800633_62806816	1	8	0	0
chr8_63484306_63490336	2	4	0	0
chr8_63797384_63803439	4	6	0	0
chr8_64083677_64089809	0	11	0	10
chr8_64102228_64108366	1	5	1	4
chr8_64240097_64246124	2	11	0	0
chr8_66949103_66955119	0	4	0	1
chr8_67589906_67596036	3	23	0	0
chr8_68459800_68465948	11	6	9	0
chr8_68743353_68749398	0	1	0	0
chr8_69254219_69260249	59	6	42	2
chr8_69351385_69357434	0	7	0	0
chr8_70695179_70701339	1	1	0	0
chr8_71406360_71412376	1	0	0	0
chr8_71451793_71457894	3	40	1	26
chr8_72147447_72153464	27	9	0	0
chr8_72875538_72881588	0	3	0	0
chr8_73234866_73241084	3	5	0	0
chr8_74396360_74402706	3	2	0	0
chr8_74594235_74600252	23	14	17	7
chr8_74866519_74872545	38	4	11	1
chr8_74942646_74948678	6	2	0	0
chr8_75278367_75284402	19	3	15	0
chr8_75324221_75330225	3	1	0	0
chr8_75621331_75627355	5	2	0	0
chr8_76308116_76314119	2	10	0	2
chr8_77088411_77094444	12	7	0	0
chr8_773346_779366	14	1	3	0
chr8_77940513_77946526	1	6	0	0
chr8_78350507_78356689	1	6	0	0
chr8_80003520_80009422	13	30	6	21
chr8_81325854_81331880	2	7	0	0
chr8_81427211_81433232	6	7	0	1
chr8_83447142_83453169	8	16	0	0
chr8_84014870_84020865	3	11	0	1
chr8_84419545_84425573	9	8	0	0
chr8_84464142_84470166	2	10	0	0
chr8_84615570_84621623	3	4	0	2
chr8_8470859_8476906	10	4	0	0
chr8_86586338_86592366	20	13	0	0
chr8_87223230_87229276	18	18	0	0
chr8_87321803_87327829	16	13	1	0
chr8_87624830_87630833	46	9	1	1
chr8_88148848_88154880	30	16	0	0
chr8_88685705_88691760	18	9	0	0
chr8_88854640_88860785	8	8	0	0
chr8_89218189_89224363	9	37	0	0
chr8_89535240_89541269	5	14	0	0
chr8_90264106_90270252	3	20	0	0
chr8_90393386_90399530	6	18	3	6
chr8_91191844_91197868	56	16	33	8
chr8_91522091_91528121	19	9	0	0
chr8_91558668_91564687	20	29	0	4
chr8_91793551_91799568	4	18	1	10
chr8_91869518_91875534	15	10	0	0
chr8_91891362_91897361	3	49	2	26
chr8_92364192_92370208	23	13	0	0
chr8_92381451_92386828	4	6	0	2
chr8_93405812_93411825	11	12	5	7
chr8_95552232_95558265	12	9	0	0
chr8_96116677_96122698	64	29	24	7
chr8_96738472_96744503	8	4	0	0
chr8_97039488_97045633	12	25	0	0
chr8_97295603_97301657	119	27	29	11
chr8_97589585_97595726	6	7	0	0
chr8_98260275_98266293	6	16	0	0
chr8_98584097_98590122	10	19	0	1
chr8_98614445_98620471	21	22	0	0
chr8_98650350_98656495	4	9	0	1
chr8_98694365_98700518	20	9	0	0
chr8_98738605_98744745	12	36	0	0
chr8_99081430_99087603	5	18	0	5
chr8_99738837_99744983	3	12	0	0
chr9_100527228_100533251	29	25	9	12
chr9_100690713_100696743	6	15	0	0
chr9_101102144_101108174	6	8	0	0
chr9_101290800_101296956	8	24	2	5
chr9_102147744_102153764	1	17	0	6
chr9_102217909_102223924	4	8	0	2
chr9_102337202_102343354	9	6	0	1
chr9_103606282_103612435	8	11	0	0
chr9_105489506_105495647	6	8	0	1
chr9_105563175_105569299	0	3	0	1
chr9_105576167_105582192	74	46	36	24
chr9_105785075_105791210	1	1	0	1
chr9_106181588_106187641	20	7	0	0
chr9_108026592_108032734	9	17	1	9
chr9_108501091_108507115	7	9	0	0
chr9_109835393_109841527	8	11	0	0
chr9_110229429_110235911	2	7	0	1
chr9_110417102_110423126	13	9	0	0
chr9_110791097_110797129	24	27	0	0
chr9_112798107_112804159	27	6	0	0
chr9_113437560_113443590	14	5	0	0
chr9_117066017_117072036	27	16	19	5
chr9_119169116_119175132	20	11	10	1
chr9_119621304_119627350	18	49	15	30
chr9_120055235_120061264	14	23	0	0
chr9_122408633_122414773	7	18	7	10
chr9_12333994_12340033	4	10	0	0
chr9_123903370_123909365	16	16	0	0
chr9_125010048_125016177	15	45	12	35
chr9_13037883_13043909	36	6	1	0
chr9_139648_145712	0	1	0	0
chr9_14663995_14670015	9	4	0	0
chr9_14870656_14876831	5	15	0	1
chr9_15628037_15634187	17	17	15	9
chr9_15644266_15650411	10	11	6	7
chr9_1569017_1575045	45	12	24	7
chr9_17210063_17216201	5	14	3	12
chr9_17263044_17269181	3	6	0	1
chr9_1749540_1755665	3	10	0	10
chr9_17539561_17545580	1	14	0	0
chr9_18644386_18650544	1	4	0	0
chr9_18711233_18717230	1	18	0	0
chr9_18839036_18845184	0	4	0	0
chr9_18962366_18968212	3	9	2	6
chr9_19536200_19542230	0	8	0	0
chr9_22348829_22354859	17	8	0	0
chr9_22502880_22509012	10	12	8	10
chr9_229903_236050	6	4	0	0
chr9_23105114_23111270	0	9	0	6
chr9_24224676_24230670	0	3	0	1
chr9_24574536_24580564	2	3	0	0
chr9_25070956_25076968	1	1	0	0
chr9_26249770_26255795	9	5	0	0
chr9_27690519_27696535	1	18	0	0
chr9_28348134_28354162	0	2	0	0
chr9_30106864_30112891	1	6	0	0
chr9_30539475_30545465	0	10	0	5
chr9_31056094_31062222	4	16	1	11
chr9_31294065_31300087	7	5	0	0
chr9_31883172_31889274	0	5	0	0
chr9_32149073_32155113	0	12	0	0
chr9_32225047_32231059	2	9	0	0
chr9_32710379_32716388	7	5	0	0
chr9_32729016_32735047	8	15	0	0
chr9_34526550_34532701	5	29	2	10
chr9_34761698_34767854	16	6	0	0
chr9_34845598_34851753	4	13	2	4
chr9_4605799_4611811	12	7	0	0
chr9_4915073_4921190	1	14	1	1
chr9_5471814_5477960	0	2	0	1
chr9_6058415_6063780	9	38	9	20
chr9_6135847_6141850	5	6	1	0
chr9_6376264_6382430	1	10	0	6
chr9_65061993_65068014	8	2	1	0
chr9_65709351_65715424	0	0	0	0
chr9_69434794_69440931	2	13	1	1
chr9_69477107_69483129	0	8	0	0
chr9_69506051_69512070	0	14	0	4
chr9_74424274_74430304	12	1	0	0
chr9_75701100_75707247	4	11	0	0
chr9_79097851_79103879	9	5	0	0
chr9_79438972_79444977	13	20	6	11
chr9_80654116_80660135	6	4	2	2
chr9_80741662_80747689	5	10	0	1
chr9_81217155_81223297	2	13	2	2
chr9_82751810_82757866	5	14	2	8
chr9_82769371_82775374	9	26	5	18
chr9_83049539_83055571	42	10	2	0
chr9_83222905_83228949	58	17	0	0
chr9_85071665_85077678	12	20	0	0
chr9_85717679_85723818	2	21	1	14
chr9_86157088_86163107	3	8	1	5
chr9_86606053_86612054	19	7	1	0
chr9_87041882_87047900	22	25	6	9
chr9_87902138_87908249	7	30	7	22
chr9_90149604_90155634	3	22	0	0
chr9_91225551_91231568	18	17	0	1
chr9_92082239_92088398	8	9	0	0
chr9_92214408_92220428	31	28	19	22
chr9_92900099_92906066	2	9	0	0
chr9_94020341_94026495	4	3	0	0
chr9_94089082_94095103	18	41	8	24
chr9_94113535_94119565	11	11	0	0
chr9_95697585_95703604	27	19	0	0
chr9_96797005_96803185	2	10	0	0
chr9_97205143_97211302	1	2	0	0
chr9_97580993_97587031	36	18	0	0
chr9_9931213_9937220	1	3	0	0
chrUn_KI270512v1_9432_15451	0	0	0	0
chrX_100255486_100261633	1	11	1	4
chrX_100550262_100555448	3	0	0	0
chrX_101524342_101530496	2	16	0	5
chrX_101580035_101586192	7	8	3	7
chrX_101711073_101717106	4	9	1	5
chrX_102685896_102692023	0	0	0	0
chrX_102871176_102877321	2	4	0	0
chrX_103891506_103897537	6	3	1	1
chrX_104026871_104032902	10	5	0	0
chrX_104360639_104366787	2	16	1	7
chrX_104672099_104678122	12	4	0	0
chrX_104904301_104910378	2	4	0	4
chrX_105029253_105035391	1	7	0	0
chrX_105796906_105802919	25	13	2	0
chrX_105959686_105965737	0	5	0	2
chrX_106469285_106475319	11	4	0	0
chrX_10715059_10721211	1	3	0	0
chrX_107155767_107161785	0	4	0	0
chrX_107364336_107370349	6	14	0	0
chrX_108277015_108283183	5	7	0	0
chrX_108542109_108548255	1	2	0	0
chrX_109113307_109119363	0	7	0	0
chrX_110605828_110611851	1	1	1	0
chrX_110816764_110822773	4	1	0	0
chrX_111588704_111594727	7	3	4	2
chrX_111962838_111968972	7	51	7	42
chrX_112326145_112332160	4	7	0	3
chrX_112718609_112724627	10	6	7	1
chrX_113337822_113343853	12	4	0	0
chrX_114720516_114726531	1	4	0	0
chrX_114830697_114836732	4	4	0	0
chrX_115080436_115086611	0	4	0	0
chrX_116159201_116165340	1	3	0	0
chrX_116964806_116970835	11	11	10	6
chrX_11707248_11713279	10	9	1	5
chrX_117260691_117266821	0	6	0	0
chrX_117727933_117733746	10	10	0	0
chrX_117873996_117880023	0	3	0	0
chrX_118241706_118247865	2	6	0	0
chrX_11935296_11941314	0	0	0	0
chrX_119435468_119441493	5	8	0	0
chrX_121531198_121537361	11	2	0	0
chrX_121877356_121883520	1	6	0	0
chrX_123648005_123654416	2	8	2	4
chrX_124104425_124110535	0	4	0	1
chrX_124582570_124588702	2	6	0	0
chrX_124751493_124757642	0	2	0	0
chrX_125608955_125614969	1	5	0	0
chrX_125838860_125845012	4	3	0	0
chrX_125917350_125923787	0	10	0	5
chrX_126104124_126110137	0	3	0	1
chrX_126185218_126191252	1	5	0	0
chrX_126229456_126235427	6	14	0	0
chrX_127116697_127122729	1	5	0	0
chrX_127250463_127256492	6	4	2	2
chrX_127362223_127368248	8	2	2	0
chrX_128732737_128738890	2	14	2	12
chrX_128782654_128788670	3	0	0	0
chrX_129337055_129343063	0	9	0	5
chrX_130517377_130523407	19	12	8	7
chrX_130567667_130573661	6	5	0	0
chrX_130958931_130964957	3	9	0	0
chrX_131123218_131129243	4	12	0	11
chrX_131152270_131158293	10	9	0	0
chrX_131245544_131251574	9	9	0	0
chrX_13132317_13138466	9	18	0	0
chrX_131378334_131384369	14	7	0	0
chrX_131524490_131530619	4	8	3	4
chrX_131578680_131584735	29	12	13	3
chrX_131663952_131669984	7	7	0	0
chrX_132156145_132162158	4	9	0	0
chrX_132244038_132250171	1	6	0	0
chrX_132284468_132290617	0	10	0	1
chrX_133621186_133627320	3	6	3	1
chrX_134044163_134050309	3	2	0	0
chrX_136440268_136446301	5	5	0	0
chrX_137074722_137080869	11	8	0	0
chrX_137672117_137678261	0	3	0	0
chrX_138073442_138079552	4	14	4	11
chrX_138778307_138784350	11	7	4	0
chrX_139989004_139995163	1	5	0	1
chrX_14103920_14109975	4	8	0	0
chrX_141421202_141427246	0	2	0	0
chrX_142338123_142344150	7	9	0	0
chrX_142385590_142391622	16	3	6	0
chrX_142477849_142483853	8	4	0	0
chrX_146227925_146234095	2	5	0	1
chrX_14683910_14688939	0	4	0	0
chrX_147142048_147148161	0	6	0	0
chrX_147653734_147659767	1	4	0	0
chrX_14809194_14815329	0	2	0	2
chrX_148123449_148129475	2	3	0	0
chrX_148346941_148353036	0	1	0	0
chrX_148775864_148782141	2	14	2	12
chrX_149178166_149184185	0	6	0	0
chrX_149334009_149340027	6	11	0	0
chrX_14969001_14975122	0	6	0	4
chrX_151330320_151336351	9	10	0	0
chrX_152006771_152013066	0	13	0	6
chrX_152235997_152242028	2	5	0	2
chrX_152544525_152550550	6	5	0	0
chrX_152581914_152588056	0	14	0	5
chrX_152835297_152841440	6	15	0	1
chrX_155197626_155203769	7	8	0	1
chrX_155299575_155305601	39	13	24	5
chrX_155421974_155428112	9	8	0	0
chrX_155516016_155522048	8	3	0	0
chrX_16230649_16236856	5	13	0	0
chrX_16360076_16366218	2	10	0	0
chrX_17342483_17348512	2	3	0	0
chrX_17781376_17787389	3	9	3	4
chrX_18734131_18740262	6	27	6	23
chrX_19142668_19148700	5	5	0	0
chrX_19273369_19279507	1	18	0	0
chrX_19940253_19946296	16	15	0	0
chrX_21339463_21345718	0	6	0	0
chrX_23238516_23244575	1	5	1	2
chrX_23357661_23363791	5	26	3	9
chrX_23645908_23651833	0	2	0	0
chrX_26314417_26320446	3	9	0	0
chrX_28362090_28368221	1	4	0	0
chrX_29981730_29987885	4	7	4	3
chrX_31077316_31083463	1	7	0	1
chrX_32730898_32736929	3	15	0	0
chrX_34415190_34421162	0	5	0	1
chrX_36170297_36176324	1	4	0	0
chrX_36465194_36471217	5	2	0	0
chrX_37628446_37634592	3	2	0	2
chrX_42004299_42010329	14	16	7	13
chrX_42202163_42208183	26	9	14	3
chrX_42424860_42430890	9	6	0	0
chrX_42589683_42595809	3	10	3	8
chrX_42650741_42656856	1	6	1	4
chrX_42810743_42816960	2	8	0	0
chrX_43670449_43676596	10	3	2	2
chrX_46074554_46080736	3	17	2	13
chrX_46655357_46661385	8	8	3	6
chrX_47783671_47789697	0	2	0	0
chrX_48433480_48438697	4	7	3	7
chrX_49620062_49626205	9	5	2	3
chrX_50019456_50025505	17	3	0	0
chrX_50060143_50066175	21	5	0	0
chrX_51262091_51268161	0	0	0	0
chrX_51427448_51433599	4	0	0	0
chrX_51512321_51518344	27	26	24	25
chrX_51531585_51537594	0	5	0	0
chrX_51644758_51650770	3	1	1	0
chrX_52222105_52228125	2	3	0	0
chrX_52291785_52297932	4	23	0	9
chrX_54118685_54124744	11	4	0	0
chrX_5480456_5486466	0	0	0	0
chrX_54853945_54860101	0	7	0	7
chrX_55297654_55303790	2	1	2	1
chrX_55396514_55402659	2	20	2	10
chrX_55681153_55687183	0	2	0	0
chrX_55768921_55775044	10	32	10	29
chrX_55936391_55942528	2	8	1	3
chrX_56047265_56053280	5	15	5	7
chrX_56157403_56162912	11	22	10	18
chrX_56581519_56587672	8	10	1	3
chrX_56695884_56701916	8	2	0	0
chrX_56915290_56921294	0	7	0	0
chrX_57157849_57163886	4	4	0	0
chrX_57629388_57635409	24	5	13	3
chrX_57708529_57714653	4	3	0	0
chrX_62517103_62523125	2	2	0	0
chrX_63492091_63498252	24	22	21	16
chrX_63519156_63525277	1	13	0	11
chrX_63597195_63603223	4	11	4	7
chrX_64013267_64019286	0	6	0	0
chrX_64131878_64137907	5	0	0	0
chrX_64252345_64258375	3	9	0	0
chrX_64282840_64289023	0	2	0	0
chrX_64296582_64302591	1	4	0	0
chrX_64543816_64549933	3	4	0	0
chrX_65166045_65172157	0	16	0	10
chrX_65614680_65620735	18	6	5	3
chrX_66180696_66186728	0	4	0	0
chrX_66924856_66930874	1	4	0	0
chrX_66942792_66948817	2	4	0	0
chrX_67060006_67066134	3	3	2	3
chrX_67488333_67494506	3	10	2	6
chrX_67626635_67632661	0	6	0	3
chrX_68216915_68222939	14	4	3	3
chrX_68736250_68742398	6	6	0	1
chrX_69350757_69356897	0	2	0	2
chrX_69448371_69454392	0	11	0	0
chrX_69783286_69789318	1	1	0	0
chrX_69822696_69828728	0	8	0	2
chrX_70638902_70644939	31	10	23	6
chrX_70937958_70944111	0	2	0	0
chrX_71897087_71903211	3	6	0	2
chrX_72440593_72446687	5	9	0	0
chrX_72585447_72591573	3	11	0	0
chrX_73106142_73112170	5	0	0	0
chrX_73116909_73122938	1	0	0	0
chrX_73184900_73190725	0	13	0	12
chrX_73380991_73387013	6	14	0	0
chrX_74033943_74040075	3	6	3	6
chrX_74788952_74795000	13	15	0	2
chrX_74872993_74879015	7	10	6	7
chrX_75183022_75189043	28	16	20	16
chrX_75231937_75237961	0	6	0	0
chrX_75555159_75561178	6	7	3	4
chrX_75561270_75567303	0	1	0	0
chrX_75586528_75592512	0	2	0	0
chrX_75596508_75602623	8	59	8	57
chrX_7587592_7593752	20	9	7	5
chrX_76046791_76052939	8	7	7	6
chrX_76068803_76074837	2	3	0	0
chrX_76233354_76239154	7	43	7	36
chrX_76322775_76328806	4	3	0	0
chrX_76720028_76726045	0	4	0	0
chrX_76924366_76930511	2	8	2	2
chrX_78152445_78158029	3	13	2	8
chrX_78188849_78195000	1	1	0	0
chrX_78466225_78472391	0	8	0	5
chrX_79205683_79211833	1	5	0	0
chrX_79765605_79771625	5	7	0	0
chrX_79926799_79932829	2	7	2	5
chrX_80151302_80157458	1	13	1	11
chrX_80405241_80411257	2	2	0	0
chrX_80462184_80468712	0	11	0	8
chrX_80976869_80982806	4	5	0	0
chrX_81026834_81032986	2	12	0	0
chrX_81339892_81345906	4	10	3	0
chrX_81743176_81749309	5	11	3	5
chrX_81841153_81847184	1	4	0	0
chrX_82802801_82808940	1	8	0	5
chrX_83059584_83065637	8	8	0	0
chrX_83542396_83548420	5	4	0	0
chrX_83750500_83756648	1	3	0	0
chrX_85529213_85535230	7	4	3	0
chrX_85728521_85733686	1	1	0	1
chrX_86113292_86119348	1	2	0	0
chrX_86969631_86975651	6	8	0	1
chrX_87116306_87122337	3	6	0	0
chrX_87443100_87449269	2	3	0	0
chrX_87821407_87827419	1	1	0	0
chrX_88207885_88213919	1	4	0	0
chrX_88781409_88787562	4	6	0	0
chrX_89292629_89298657	5	3	3	3
chrX_91627096_91633253	1	2	0	0
chrX_91752800_91758828	1	0	0	0
chrX_91819650_91825702	0	1	0	0
chrX_92215061_92221212	3	4	0	0
chrX_93939741_93945900	6	1	0	0
chrX_94862375_94868400	3	6	0	2
chrX_96057824_96063842	4	6	0	0
chrX_96269391_96275726	2	4	0	0
chrX_97509510_97515511	6	8	0	1
chrX_98300352_98306364	1	6	0	0
chrX_99234633_99240760	0	3	0	0
chrY_5606144_5612199	0	0	0	0
chrY_6626784_6632798	0	0	0	0
__no_feature	172862243	686876406	161241574	644578076
__ambiguous	0	0	0	0
__too_low_aQual	0	0	0	0
__not_aligned	0	0	0	0
__alignment_not_unique	0	0	0	0
