#'chr'	'start'	'end'	'hg38_PE75_20kb_accuracy.bw'
chr1	34566056	34572105	0.8128692633886461
chr1	56365453	56369282	0.7966431947712221
chr1	58114947	58115999	0.6088209502937223
chr1	63240556	63242477	0.8967302255025609
chr1	67078892	67084915	0.8004586443958552
chr1	68734082	68736607	0.529662409934801
chr1	68736694	68740136	0.757654701291926
chr1	71513699	71519742	0.7850232176080248
chr1	73193584	73195007	0.9184357831784729
chr1	78243519	78245813	0.4937051021737626
chr1	80939204	80945257	0.6241961749930725
chr1	82660286	82661790	0.8021396194049653
chr1	84052390	84058406	0.8128858647287466
chr1	85748520	85754548	0.5620701968294148
chr1	85771779	85775513	0.8770478035143243
chr1	85927068	85933100	0.6135364247075917
chr1	86679081	86685111	0.6037970663989402
chr1	99389521	99390892	0.6827641364910957
chr1	103922066	103925398	0.8409874006694391
chr1	104770248	104776278	0.6049505693007069
chr1	104843834	104849864	0.6204479932887272
chr1	105819683	105821063	0.8392762029084606
chr1	108578638	108579660	0.8722813630990552
chr1	113341608	113345790	0.7359540163448545
chr1	113497221	113503257	0.7301806739940637
chr1	116717925	116719731	0.715324307266924
chr1	118852352	118858380	0.6149828305249192
chr1	121532231	121538261	0.721028150068548
chr1	121734419	121736567	0.8
chr1	146717193	146723218	0.6128725695533603
chr1	152489882	152491692	0.5478972276600685
chr1	158233127	158234190	0.6701175624317194
chr1	165970865	165974367	0.5703383702379615
chr1	166243054	166249084	0.6247634972654935
chr1	172982028	172987306	0.7325259779790623
chr1	174590324	174596379	0.5081120555013
chr1	174629929	174633018	0.5542612410394379
chr1	176751264	176752355	0.6467729155674208
chr1	180699214	180702498	0.6577109046767106
chr1	180866812	180872843	0.8416352419763969
chr1	184845617	184851641	0.7765527724769415
chr1	187343765	187349794	0.7777108832500998
chr1	187597672	187603699	0.763410551236632
chr1	192484128	192485518	0.7370734312551485
chr1	192923275	192924696	1.0
chr1	193717838	193723892	0.8327049538467701
chr1	195925004	195929320	0.727169859610088
chr1	196219371	196225402	0.7108964276462516
chr1	197532241	197534154	0.5588253689136295
chr1	197707715	197713746	0.7345318503293642
chr1	199023372	199024434	0.9255027607424096
chr1	199024429	199025579	0.719705940640491
chr1	209913772	209919823	0.8606597624785214
chr1	218009228	218015252	0.8947978398431241
chr1	220995697	220996952	0.7445857069881788
chr1	225126291	225128261	0.7833486166097186
chr1	237019468	237025494	0.8125875399656493
chr1	237075265	237081293	0.851027641422387
chr1	239623499	239629523	0.7354479430999247
chr1	247687174	247693204	0.6582982990432148
chr10	5245355	5251383	0.6493598874180745
chr10	6369618	6375667	0.7727609838373866
chr10	10181966	10183924	0.7532798287452058
chr10	13217376	13218700	0.7488693423861823
chr10	19088602	19094618	0.7394382437241489
chr10	25368697	25371378	0.8242649183216401
chr10	33510846	33516876	0.8533824556392523
chr10	38262945	38264456	0.8123508383415
chr10	38264455	38265664	0.7608003700637344
chr10	39024058	39025252	0.8762997541595344
chr10	39508153	39514160	0.5746506759256961
chr10	44222136	44223428	0.5283585736303138
chr10	52181420	52182871	0.6734341578102375
chr10	76586842	76591752	0.7036827723994518
chr10	79965585	79966876	0.605931469768078
chr10	85355507	85361538	0.7002683447143012
chr10	95948130	95949668	0.7516727218857358
chr10	98782942	98788971	0.6262069189107562
chr10	98960752	98962436	0.45079323037078434
chr10	99771460	99773623	0.685747756954701
chr10	105377347	105383377	0.6948511757660861
chr10	105775521	105781551	0.7019472599622623
chr10	108310131	108316139	0.7452946451508728
chr10	109812438	109818457	0.5305098524456553
chr10	131704549	131706170	0.7997479119615596
chr11	5714688	5717583	0.5454944323341834
chr11	5914494	5918448	0.8768340677821883
chr11	7368351	7369709	0.9423089847297837
chr11	7811186	7813731	nan
chr11	24168770	24170491	0.8336541144602663
chr11	24327952	24334001	0.761836499266436
chr11	29154041	29155594	0.5241156629186557
chr11	30965579	30967391	0.7362175541076702
chr11	31315655	31321680	0.8250096148579433
chr11	36551607	36557636	0.7131657309843783
chr11	48847667	48853724	0.5947853255994213
chr11	49104094	49106078	0.5391958245489501
chr11	49793155	49797728	0.6026282040608875
chr11	54784877	54787362	0.8449819142190024
chr11	54849947	54851079	0.9612666060983502
chr11	60048716	60050984	0.5790432872385365
chr11	61084375	61086370	0.8323696051026347
chr11	78677773	78683802	0.9524207717774322
chr11	82155866	82161891	0.7464020630832394
chr11	84365813	84367203	0.9529740842126256
chr11	85324759	85330821	0.7082433049698861
chr11	87340032	87346061	0.6479628972003543
chr11	90400068	90406098	0.6087282797637975
chr11	90967024	90972302	0.6708330913324898
chr11	93136639	93142673	0.6595925577278614
chr11	93420987	93427031	0.6195479594094553
chr11	95436217	95442246	0.7683264923292032
chr11	99602688	99608113	0.6790307725629499
chr11	104675468	104676844	0.7073831334710121
chr11	109177495	109183526	0.6795196013975217
chr11	114842958	114844256	0.741925793179011
chr11	121821300	121823856	0.6222894294114553
chr11	121823854	121827182	0.8884735461682655
chr11	122476874	122478553	0.676676500475499
chr11	125536610	125542640	0.8542460359348785
chr11_KI270829v1_alt	32054	34599	nan
chr12	3499196	3505228	0.8536372644370532
chr12	13392355	13397632	0.882271303065799
chr12	23418070	23419145	0.7845403701760049
chr12	38801630	38805673	0.5155721850241618
chr12	43533336	43534348	0.6235686647797761
chr12	44108221	44114234	0.7474362044977131
chr12	51562632	51568657	0.7182314835365162
chr12	54788574	54794627	0.5351429975034776
chr12	55096257	55102283	0.5030521484756241
chr12	60008670	60009854	0.6073384065986485
chr12	65350358	65353035	0.6560481603079912
chr12	69773411	69779441	0.6462476840610247
chr12	73283668	73289668	0.7110641097611393
chr12	74874869	74880901	0.8043508246912797
chr12	79177050	79178091	0.6485367542155996
chr12	83671825	83674884	0.77376512615616
chr12	83674888	83676496	0.5286530247745822
chr12	87590573	87592599	0.7397959863092209
chr12	87747543	87749422	0.46028755233286545
chr12	97717934	97718957	0.7559517124414677
chr12	97721823	97723838	0.6068711250650676
chr12	101148023	101152064	1.0
chr12	126299024	126305038	1.0
chr12_GL383549v1_alt	37303	43322	0.8037291462217859
chr12_GL383551v1_alt	71818	77832	0.49625492710152835
chr12_GL383551v1_alt	91197	97228	0.7039283651068746
chr12_GL383553v2_alt	112404	118427	0.7941176470588235
chr12_GL877876v1_alt	298553	300863	0.7893617021276595
chr13	29413317	29414490	0.7341915387834937
chr13	29641707	29647706	0.8014188143414428
chr13	31302315	31308370	0.748290110899337
chr13	32867697	32869227	0.9032421556173587
chr13	34480263	34486294	0.7496533769207173
chr13	38287830	38289428	0.9158388227037852
chr13	39986433	39987675	0.6173252902937012
chr13	48465556	48471566	0.775969568878261
chr13	49153270	49158535	0.830969005432974
chr13	58512333	58513869	0.7178911415782446
chr13	74426327	74432354	0.7715351836907033
chr13	75953860	75954898	0.946910884798377
chr13	76612824	76618851	0.7607433237292544
chr13	83961278	83963559	0.9726891726686577
chr13	83963555	83966366	0.8152465176555953
chr13	85926930	85927945	0.627516483438426
chr13	92685562	92691592	0.7144968591157609
chr13	97667409	97673440	0.7562157927747657
chr13	108510473	108516495	0.7950283911132369
chr14	18283819	18289864	1.0
chr14	19720017	19721720	0.6280457623214626
chr14	24112370	24113390	0.5922579476061989
chr14	24488896	24490210	0.6546112126592813
chr14	30684810	30690837	0.7667518842786996
chr14	31793857	31798132	0.6988260285012022
chr14	39629225	39630238	0.5033013267554747
chr14	40718816	40720529	0.7495330163281492
chr14	40728704	40729985	0.709554400972609
chr14	41337865	41339921	0.8061054243419885
chr14	44705081	44711104	0.7213593584327787
chr14	45477111	45483169	0.6951162886229943
chr14	46726453	46727494	0.5666100968545039
chr14	48187083	48193113	0.6759218753992405
chr14	51794602	51800632	0.8099980888675101
chr14	61055086	61061148	0.6431064606696141
chr14	62286320	62288718	0.7824452850995609
chr14	62535852	62541882	0.6993916137958677
chr14	63116707	63122735	0.7578631059286443
chr14	70547291	70553322	0.7656984221176798
chr14	79308934	79314061	0.8044121381305936
chr14_KI270725v1_random	48458	54487	0.8756179769930229
chr15	19816956	19818197	0.542860942440202
chr15	46997956	46999189	0.5475041481990304
chr15	51417217	51423246	0.7514354402026915
chr15	51583107	51585418	0.5462665574883857
chr15	53155850	53157200	0.508846891147119
chr15	54926082	54932099	0.577130146273866
chr15	55986935	55988017	0.5156058383737165
chr15	66449877	66452300	0.9067995186914434
chr15	70729654	70735160	0.7619398074651518
chr15	73532644	73536205	0.7274914357385105
chr15	82882882	82888919	0.8584535799615723
chr15	83450805	83456834	0.7094691698457484
chr15	87509892	87515920	0.6567137310458295
chr15	88554599	88560263	0.8963438788128841
chr16	8057920	8060801	0.7185444741830342
chr16	9584491	9590522	0.8605587635987252
chr16	16840518	16846556	1.0
chr16	18821267	18827058	0.8539274167639266
chr16	33952565	33958612	0.8475609756097561
chr16	34214325	34218873	0.8327280367932303
chr16	35534415	35537679	0.706006683080512
chr16	35608476	35614501	0.6596386875354403
chr16	54042097	54048145	0.9235079329455763
chr16	60876140	60877335	0.7940042856846893
chr16	60877334	60880008	0.6742890831339041
chr16	61918304	61919817	0.8678528172088946
chr16	65690012	65696020	0.7955540472396045
chr16	68583449	68589505	0.9726905034539477
chr16	80727090	80730717	0.9471845625516367
chr16	83637253	83643296	0.9457317237077328
chr16	84456371	84458508	0.9356646737652624
chr16_KI270853v1_alt	2501427	2507460	0.0
chr17	589719	592965	0.9557265088614019
chr17	3348386	3352043	0.5826033968954969
chr17	9615986	9622015	0.9535449992343172
chr17	26674488	26675746	0.9557225836858462
chr17	56190011	56192064	0.8581242467273577
chr17	66596580	66602595	0.9424835760226459
chr17	70458957	70464987	nan
chr17	70544789	70550795	0.8165472946083221
chr17_GL383565v1_alt	54994	61004	1.0
chr17_GL383565v1_alt	158733	164763	nan
chr18	535702	541755	0.8027753591659679
chr18	5332465	5334601	0.765283205312736
chr18	5684669	5687891	0.7765862854332898
chr18	13975861	13981891	0.7664178443916052
chr18	15187025	15188475	0.9097168959420303
chr18	15213046	15214706	0.3088131018753709
chr18	15780478	15781849	0.8667893100552605
chr18	25485077	25487433	0.7368536590737231
chr18	36986323	36987526	0.5707482276910162
chr18	37819738	37825798	0.6925278583670607
chr18	39860029	39861777	0.6885734824485037
chr18	40844863	40848268	0.8679454616748971
chr18	41775015	41781045	0.8738788669964053
chr18	44021280	44024826	0.9114369630006768
chr18	47660374	47666427	0.7404405845427101
chr18	50343960	50349987	nan
chr18	54426982	54430581	0.6954922725605149
chr18	61512675	61515526	0.9325494281620947
chr18	62906293	62912314	0.9273486295694175
chr18	63862796	63866418	0.8257263126121469
chr18	65779303	65780809	0.8275945504823053
chr18	67603634	67605600	0.9595631527148816
chr18	69255001	69256158	0.8971443446216237
chr18	70685211	70686694	0.5565231096599846
chr18	70746550	70752581	0.6700381048311372
chr18	71120652	71122469	1.0
chr18	71655625	71656649	0.6825178888393566
chr18	71656640	71657805	0.7919740531366196
chr18	72966527	72972556	0.7272727272727273
chr18	75846852	75852883	0.9438693311961741
chr18	79114974	79116935	0.7706847036450205
chr18_GL383567v1_alt	51767	57794	nan
chr18_GL383568v1_alt	65122	71148	0.6245720651678198
chr18_GL383570v1_alt	131796	138074	1.0
chr18_GL383570v1_alt	138362	139507	1.0
chr19	30141168	30142671	0.6687904499565374
chr19	30142649	30143934	0.8554448025699719
chr19	31653398	31654536	0.7846798013718979
chr19	42808996	42811014	0.838181763208066
chr19	43051126	43052617	0.7735442145105579
chr19	43864495	43867300	0.9241340457861861
chr19	51672692	51673783	0.8707211782471178
chr19	54580201	54585900	1.0
chr19_GL949746v1_alt	486591	490228	nan
chr19_GL949752v1_alt	485085	488722	nan
chr19_KI270938v1_alt	562782	566419	nan
chr2	993075	995777	0.985403228388461
chr2	2257684	2259565	0.7405310499741748
chr2	4733730	4739760	0.7876662433045193
chr2	10996106	11002136	0.9227640448493057
chr2	16593726	16599758	0.8726207554063683
chr2	31575999	31577158	0.7059966285646322
chr2	34572558	34575548	0.7317123546395251
chr2	36112507	36118537	0.62632567064086
chr2	41549998	41551968	0.7343011238248215
chr2	41551965	41553706	0.748268352028695
chr2	51854014	51855361	0.9228176837863087
chr2	53398641	53399666	0.7011624255412963
chr2	53399666	53400861	0.5304848604122465
chr2	56662927	56664865	0.604078930521036
chr2	59554690	59556387	0.8308708539202976
chr2	61979748	61980833	0.8450327935306707
chr2	71411475	71417501	0.91016191150002
chr2	76299403	76300976	0.5175444240488221
chr2	81607667	81609205	0.673169531383502
chr2	86655239	86661268	0.839769462038833
chr2	88729713	88732741	0.8233315035637568
chr2	97220790	97222318	0.4620472289840251
chr2	102566356	102572385	0.8226750738564722
chr2	109309332	109311588	0.896939291598949
chr2	112503813	112509845	0.8899699096165765
chr2	115487080	115488893	0.7111028159973178
chr2	126178049	126184064	0.7948443000109566
chr2	129411067	129415379	0.7303575027574593
chr2	129415688	129417400	0.9083169952174214
chr2	129682428	129685909	0.82648164032016
chr2	129685898	129687022	0.9521557383265784
chr2	131815265	131816385	1.0
chr2	133299871	133302778	0.5971742901024557
chr2	134209191	134212559	0.6967979609747411
chr2	143860957	143866987	0.8431498646535116
chr2	148188746	148194773	0.6584132818487255
chr2	153007767	153013796	0.6381396092033484
chr2	157566354	157572377	0.6935408691443143
chr2	159293466	159295135	0.9740346295166473
chr2	159663851	159664952	0.6474116953473866
chr2	162568876	162570712	0.9734528298471489
chr2	164121719	164123622	0.7660907904098239
chr2	166988455	166994509	0.5616651187842538
chr2	169248624	169254656	0.7089853391398782
chr2	172315271	172321297	0.8139531066731643
chr2	175481952	175487994	0.6922500202569769
chr2	175691463	175694637	0.6326440150022657
chr2	177973074	177979090	0.7287414494921711
chr2	180833662	180839689	0.7821166350867298
chr2	184947295	184949713	0.5939857094734264
chr2	184949713	184950989	0.8467917105060386
chr2	193170705	193171720	0.880434386248659
chr2	193212421	193218448	0.7444766222837398
chr2	196905588	196911636	0.8129711320926977
chr2	197064424	197068374	0.8124635051906883
chr2	204384908	204386560	0.9564699153923237
chr2	204766999	204770540	0.769350916658228
chr2	213567232	213573262	0.8052644586481319
chr2	213677128	213678530	0.8103408742903303
chr2	230337070	230342513	0.8945129434566998
chr2	232149197	232155229	0.8013576684297358
chr20	7116195	7122199	0.8699415410945204
chr20	11632780	11638837	0.8517337610211057
chr20	12801018	12807044	0.7266192314951593
chr20	18949968	18954391	0.7286715583301059
chr20	23426109	23432140	0.7348314053599194
chr20	29232463	29233891	0.9649859943977591
chr20	30731926	30735561	0.9391039023753337
chr20	39801496	39802657	0.9716233840592455
chr20	43395997	43397152	0.6590141126345762
chr20	55859567	55865521	0.7726514344945229
chr20_GL383577v2_alt	109154	115202	1.0
chr21	5329982	5331757	0.9183197213443325
chr21	7261800	7263540	0.9285714285714286
chr21	9616913	9618152	1.0
chr21	20199505	20200970	0.829587936604796
chr21	30839934	30841030	0.9815367559229371
chr21_GL383579v2_alt	152079	158104	1.0
chr21_GL383580v2_alt	66487	69557	0.9646464652485318
chr22	15214622	15220667	0.8800239952009599
chr22	28663284	28669315	0.8188903021620265
chr22	34549684	34555708	0.8016657989605197
chr22	39841368	39842529	0.989437250614577
chr22	48985762	48991792	0.9944150588564687
chr2_GL383521v1_alt	20195	26249	1.0
chr2_GL582966v2_alt	23970	29986	1.0
chr3	2006906	2008507	0.5837862852362824
chr3	3131463	3132695	0.8334091741156269
chr3	3963077	3969110	0.6312235995496723
chr3	4025298	4026387	0.4636794057212038
chr3	4026384	4027874	0.39026649402291985
chr3	4916535	4922591	0.8228263737892768
chr3	17858275	17861391	0.880128455502537
chr3	18516081	18520244	0.7666215255172844
chr3	22050868	22053197	0.7868139872278661
chr3	22053196	22056308	0.5612022156197491
chr3	25699457	25702074	0.8161335787474312
chr3	26398018	26404045	0.47464353668261317
chr3	26728189	26730137	0.755902221193059
chr3	29108112	29112113	0.8933169214882215
chr3	34652867	34654025	0.6335872968655588
chr3	34654023	34656689	0.6773969325595393
chr3	36621476	36625027	0.8478399367776933
chr3	41492404	41495901	0.6764019439825167
chr3	41776583	41777857	0.603601738085365
chr3	41777858	41779998	0.4305015190997544
chr3	46783106	46789138	0.7250082727017706
chr3	54394323	54400323	0.7592092633144608
chr3	56542689	56543893	0.808827993085614
chr3	77763678	77769663	0.8250669780638885
chr3	79129778	79133955	0.8624176573233939
chr3	79133948	79135047	0.6631531408692187
chr3	80876160	80877455	0.5655420756247973
chr3	82337500	82339442	0.8890008327889761
chr3	83038408	83039420	0.6851456740156935
chr3	83803985	83806197	0.6858531101648889
chr3	89460826	89466856	0.6278057388471311
chr3	90169568	90175598	0.4523060286618386
chr3	90334082	90340103	0.6295854072376715
chr3	93789190	93791473	0.6434278941131588
chr3	103131218	103133199	0.7583631391118477
chr3	103556538	103562569	0.7860025648493083
chr3	105587318	105589642	0.8286874069155549
chr3	105589636	105592187	0.8624022187134277
chr3	107885797	107888284	0.7873441199006256
chr3	108749401	108755425	0.7525889574867356
chr3	109199873	109205903	0.7658177983801039
chr3	110117566	110120452	0.6384779464284254
chr3	110888815	110890548	0.8208561414112194
chr3	114662899	114663989	0.9478332990900092
chr3	116360000	116366026	0.7478274886888947
chr3	120573022	120579186	0.6508213077674283
chr3	121088065	121089105	0.5692060022399976
chr3	126324809	126326406	0.6044087772005113
chr3	130628809	130634065	0.7816902451084233
chr3	131407998	131410988	0.5197074487217865
chr3	132807089	132809933	0.42358344344817805
chr3	132946007	132952034	0.6705632913327849
chr3	135002248	135005976	0.6915501758712044
chr3	136479057	136485103	0.6869020660618038
chr3	136963694	136969736	0.6669403275469263
chr3	137093886	137095955	0.463453537319565
chr3	137353525	137354601	0.579814473880268
chr3	139590957	139596035	0.7759481977981444
chr3	154911096	154913991	0.6459296822761167
chr3	158019677	158025704	0.652945778453171
chr3	159095380	159101394	0.574682759830315
chr3	162381946	162383731	0.7596740414114559
chr3	163236942	163242962	0.7718383717677884
chr3	164291526	164296426	0.8872267800310384
chr3	164409707	164413265	0.9645294980959148
chr3	165585584	165586780	0.7594831121406428
chr3	168353097	168355115	0.6979524211439316
chr3	183234697	183238141	0.8446124690500173
chr4	14755115	14761144	0.6811568595683882
chr4	15841547	15847572	0.8486824401681354
chr4	16942777	16944630	0.9464345846829773
chr4	16944927	16949113	0.874475412089443
chr4	19077912	19083929	0.800407604476892
chr4	21159391	21165421	0.7298728030306895
chr4	23614772	23620793	0.7586499423800317
chr4	26922945	26927693	0.7219165463028782
chr4	35321651	35323919	0.9695062054160201
chr4	43817656	43819131	0.5358783253168655
chr4	46053987	46054994	0.5414788210995739
chr4	46054989	46056117	0.47299930976426346
chr4	46794992	46796316	0.6073498401571723
chr4	48051955	48057974	0.8175834516172572
chr4	48414558	48416648	0.705043268098903
chr4	48416645	48417873	0.8129256625420107
chr4	48734845	48735984	0.5357721259030885
chr4	52538472	52544498	0.5941253393647078
chr4	52816457	52822486	0.5592414169767085
chr4	57562317	57568347	0.6107178263077245
chr4	57768854	57771417	0.7442989930295405
chr4	58021105	58022135	0.46622348699754884
chr4	58026295	58028330	0.7795890540397138
chr4	58576286	58577824	0.5375749637967433
chr4	59078848	59084877	0.6849118032687179
chr4	61939928	61945962	0.6842094003996155
chr4	62726949	62732969	0.716191518216117
chr4	64840276	64842785	0.6143845110929739
chr4	69664010	69667565	0.8364640774438485
chr4	70015397	70019676	0.8668999064885224
chr4	70328907	70334307	0.6333560567531945
chr4	74717540	74723587	0.7403903225443276
chr4	78105736	78111765	0.6501076061119617
chr4	78347981	78354013	0.606685863397719
chr4	79704553	79710581	0.7093784529293901
chr4	79937716	79943746	0.6122457971397027
chr4	79966908	79972933	0.6059665669699084
chr4	82008161	82010240	0.6378641713691939
chr4	85891218	85893779	0.6443814338533639
chr4	87347104	87353146	0.8219318280982403
chr4	87562946	87565162	0.5682869914123376
chr4	90675740	90681757	0.7106919563669455
chr4	91437492	91443691	0.7615187246108723
chr4	91978212	91984413	0.7398758377624015
chr4	93608284	93614338	0.5866452948933867
chr4	93638308	93644337	0.5746116874330179
chr4	98592436	98598463	0.7418842432173366
chr4	99425025	99427074	0.820319162542614
chr4	102951968	102954450	0.7140474329838286
chr4	106571058	106577070	0.6467705514680226
chr4	107206673	107210557	0.660079730127916
chr4	111894802	111900831	0.6853435473310181
chr4	116203854	116205443	0.7310387801643885
chr4	117659091	117660578	0.8376668528493972
chr4	119948727	119954758	0.7461881678192558
chr4	122652659	122656850	0.6075748843470896
chr4	124152907	124154086	0.49004017588847565
chr4	129574944	129577977	0.9982646892772741
chr4	130015898	130018952	0.5781724281563658
chr4	131208598	131209851	0.9420292443593596
chr4	131420028	131421589	0.9118310628145035
chr4	135079465	135083851	0.8056796105370808
chr4	135083847	135085378	0.6276941942981767
chr4	135178141	135183747	0.7462886535628029
chr4	135374861	135381291	0.9780185087287037
chr4	136293495	136299546	0.8749068435056804
chr4	138547724	138552054	0.7667377528913026
chr4	144809659	144810951	0.8763541024259001
chr4	144836727	144842988	0.8927638703423784
chr4	146618678	146620788	0.5491525609101822
chr4	146620786	146622038	0.6557324222101572
chr4	156048370	156049467	0.7800877206740644
chr4	166266017	166271588	0.7996142074998032
chr4	166447925	166449408	0.5491505407515364
chr4	166569977	166576007	0.6330728355924882
chr4	166755896	166761908	0.6745709575666531
chr4	166850456	166851634	0.8297878928824071
chr4	169515502	169521532	0.7509195683074842
chr4	180955708	180956726	0.729831392029648
chr4	181774004	181775008	0.6730198304491689
chr4	189137082	189143104	0.8137003397748342
chr5	1968619	1971481	0.8238571302170862
chr5	7603829	7606131	0.611948073013879
chr5	9259625	9262908	0.7436577218379608
chr5	13416498	13422525	0.9023040905858809
chr5	15906516	15912550	0.8233567387795342
chr5	20644280	20646009	0.6277467409195137
chr5	24371467	24373344	0.7346442217027195
chr5	27210756	27211964	0.9667735176765366
chr5	28200103	28201316	0.9669690225012324
chr5	28756567	28759314	0.750599289378731
chr5	28845348	28847809	0.7493160568277606
chr5	29486064	29489015	0.7420283194091687
chr5	32822541	32824622	0.6344454153577391
chr5	32824615	32827995	0.8152002419769411
chr5	34147846	34154031	0.8993048912320446
chr5	37459373	37460699	0.5310715927347698
chr5	42166612	42167674	0.5307240529922442
chr5	44152911	44154455	0.5578289079465397
chr5	46389228	46391236	0.9459535358436554
chr5	50156152	50161079	0.871033326967846
chr5	50293551	50295625	0.6982641777054208
chr5	50309129	50311243	0.7013132371424275
chr5	52086500	52088220	0.919742475415385
chr5	58384175	58390206	0.6109689233581518
chr5	66750284	66754219	0.8792851607408729
chr5	79778885	79784938	0.8027430488199473
chr5	81616091	81622140	0.7873341406988765
chr5	82369249	82372017	0.5600935177005439
chr5	86510691	86516743	0.7813015757257861
chr5	90817163	90822442	0.6371342947087617
chr5	102131357	102137385	0.5749090299475011
chr5	102189484	102194435	0.6763856242616862
chr5	104518588	104524616	0.6737889613370351
chr5	105513237	105519274	0.8522027178140039
chr5	106147941	106149289	0.6086546688033848
chr5	109259388	109265418	0.6683674227044752
chr5	111302239	111308262	0.655742268249202
chr5	119684786	119690814	0.6720075167653115
chr5	122240436	122244924	0.5796210425183734
chr5	123933970	123935827	0.9074092496128319
chr5	133583289	133589299	0.8983875363295747
chr5	134557380	134558539	0.8477990226667436
chr5	144551059	144553770	0.535213030031008
chr5	144561501	144562872	1.0
chr5	144567645	144571203	0.9999578414739284
chr5	146609486	146615534	0.8418015631438105
chr5	147958540	147960411	0.5922323764485513
chr5	152076869	152082891	0.6643663998405289
chr5	152886442	152892473	0.5529953350457084
chr5	153070983	153077008	0.530317107454131
chr5	156061920	156067966	0.6573959558640258
chr5	160709609	160715639	0.7214362339567374
chr5	166141192	166145692	0.9236702879269918
chr5	166966761	166972815	0.9038929752267203
chr5	173402797	173408828	0.9103509199958972
chr5	177772246	177778274	0.7171145685997171
chr6	2417775	2423803	0.8656541057948635
chr6	16860602	16862101	0.8033134118169845
chr6	18910626	18912973	0.7433185323431586
chr6	19764893	19770918	0.7257375528540793
chr6	24811658	24817706	0.8919991682068268
chr6	48900984	48902381	0.6368230627363037
chr6	50644001	50647857	0.8429424103822966
chr6	51874784	51880802	0.6326562794845895
chr6	54838171	54839319	0.6865359123679403
chr6	58023877	58025156	0.952850270028968
chr6	62060944	62062026	0.8664673357485844
chr6	63405631	63408860	0.6828159847820326
chr6	65551059	65552137	0.5764745490449258
chr6	66602683	66603797	0.5788841387206819
chr6	67216216	67217526	0.8668174177635717
chr6	70010348	70016552	0.7277871882579586
chr6	72988655	72994686	0.7716421785533096
chr6	74155743	74156868	0.5217043160332574
chr6	76875760	76877075	0.8486381383903127
chr6	78783129	78786538	0.8317059630975586
chr6	80916686	80918391	0.4257455781757657
chr6	80918379	80920950	0.5985678328655425
chr6	83333953	83339981	0.695339873462777
chr6	84608437	84614463	0.5951249633383758
chr6	85999047	86005073	0.49416810535253025
chr6	86645158	86646407	0.6667682140039577
chr6	86646407	86648630	0.4109921426184605
chr6	86669103	86671238	0.767491754826673
chr6	93865739	93871783	0.742891321250889
chr6	94197996	94204060	0.7817907112604975
chr6	95979903	95982395	0.6285940406554009
chr6	95982395	95983918	0.8426353604638569
chr6	98703060	98708329	0.8102998018006079
chr6	100028621	100029829	0.7119113159002057
chr6	110155537	110158535	0.7296441676936363
chr6	112703746	112709778	0.6792545425125079
chr6	117102132	117108163	0.6264815512253027
chr6	121162717	121168725	0.6702027785047616
chr6	123180606	123181624	0.7148767911146572
chr6	123255943	123256969	0.9959655962957044
chr6	123257277	123259262	0.9853667504240944
chr6	124839974	124841353	0.558123890950768
chr6	125318948	125322076	0.6616909998402897
chr6	128998386	129004416	0.69536615136703
chr6	133020692	133026746	0.8061402440871973
chr6	133649978	133653226	0.7372483473619904
chr6	136850970	136852213	0.7454585300178559
chr6	146522020	146523183	0.5786925358497573
chr6	152708861	152712430	0.8376189078942149
chr6	156034136	156040165	0.7280089516013089
chr6	156324981	156331010	0.7004450812804836
chr6	159547225	159549811	0.7192125524711148
chr6	161982232	161983919	0.793927087964712
chr6	165303280	165306483	0.7877614699253681
chr6	168974978	168976150	0.9483395878975709
chr6_GL000252v2_alt	1338535	1342542	nan
chr6_GL000252v2_alt	3859804	3865829	nan
chr6_GL000253v2_alt	1206983	1213011	0.9299719887955182
chr6_GL000253v2_alt	4034202	4040227	nan
chr7	7465093	7471120	0.7532780995515438
chr7	8351724	8353975	0.8398842076522305
chr7	10168425	10171419	0.8600695792364135
chr7	19195073	19196711	0.6219396949251056
chr7	25041861	25047891	0.8347105486179466
chr7	30439243	30445274	0.697451923211496
chr7	31484220	31485639	0.6697072784525984
chr7	32350595	32353501	0.6660236972872053
chr7	46820757	46825657	0.851954666065673
chr7	49680246	49686300	0.7597188243981633
chr7	57539591	57540834	0.9848725665315734
chr7	61307962	61311395	nan
chr7	61654185	61657617	1.0
chr7	61837999	61844054	0.6801177535808419
chr7	62083011	62086441	1.0
chr7	62549635	62551829	0.9040073857268314
chr7	63060806	63064564	0.7329723812151996
chr7	63148832	63154859	0.6691004913977096
chr7	66286854	66292884	0.9385924875020571
chr7	70197329	70203357	0.9761780670900908
chr7	91173444	91179517	0.6500722123573478
chr7	93787625	93793679	0.7505322203845995
chr7	96846651	96852680	0.7933104060958461
chr7	97613657	97619688	0.6861672285047838
chr7	109095677	109096741	0.6324795889002937
chr7	109096738	109098378	0.6033749550035814
chr7	109906016	109907516	0.393776053062507
chr7	109907516	109908641	0.49290044291814167
chr7	110707005	110713024	0.6446498192899272
chr7	111243516	111249546	0.7517470645761409
chr7	111963194	111969223	0.8819579360738012
chr7	113776123	113782152	0.6405027215705026
chr7	117526159	117529529	0.8979693193000768
chr7	119656713	119657808	0.5478473427361005
chr7	125179571	125181978	0.8955351060289637
chr7	130701997	130703401	0.7457625349702319
chr7	141062015	141068042	0.6589224142078527
chr7	141920660	141926712	0.7315162965302742
chr7	145561497	145564595	0.7903658791731988
chr7	147842592	147848623	0.7921916728899261
chr8	8470860	8476906	0.9337248532200284
chr8	9736453	9738999	0.836478516073182
chr8	9738998	9740068	0.8481200696151947
chr8	18597108	18598423	0.723836642163788
chr8	27113619	27119645	0.8250744505473686
chr8	32816249	32818064	0.6769261610409445
chr8	32818065	32819664	0.9215952859139577
chr8	43901579	43904529	0.9214214143106493
chr8	47332012	47333044	0.5302936915279359
chr8	58483392	58484665	0.7415942627898559
chr8	66024426	66026341	0.7208119062468527
chr8	72875539	72881588	0.7709926263607535
chr8	75621332	75627355	0.680091653692748
chr8	76425147	76426194	0.7916397099964029
chr8	79171774	79173422	0.6393730408937028
chr8	86803885	86805290	0.898672483994019
chr8	88685706	88691760	0.6801964523652855
chr8	89511619	89513733	0.6010723478013655
chr8	90333242	90336279	0.8654290309539546
chr8	91520161	91521376	0.4398863333733484
chr8	91522092	91528121	0.5247790174394089
chr8	104739852	104745873	0.8422587696469676
chr8	104959063	104964830	0.9426562657529072
chr8	121329879	121334807	0.7845604155672254
chr8	122296511	122298299	0.7944659174355351
chr8	125582887	125588889	0.818701946767699
chr8	127311576	127315431	0.8909186043473378
chr8	128453003	128459020	0.6757044871027374
chr8	134070757	134076773	0.8180156859838131
chr8	135875863	135881890	0.7576161101271897
chr8	136438075	136444105	0.8246816746366576
chr8	137242315	137244157	0.9090835353385871
chr8	137244285	137246729	0.8945145040701727
chr9	2515634	2521964	0.9843503796093837
chr9	5239799	5241054	0.6043919506300968
chr9	5241050	5243281	0.7247051201038088
chr9	7863205	7867520	0.8743654921875353
chr9	10136558	10137714	0.5769499749667092
chr9	12556931	12558893	0.7043946815612621
chr9	15950013	15951371	0.5936236851169715
chr9	16465819	16467844	0.744702192235876
chr9	17780483	17781528	0.5563527077579042
chr9	20655633	20658802	0.8978249054107053
chr9	22569613	22570985	0.9083427759457607
chr9	28111896	28117865	0.7254783381943056
chr9	63913383	63916426	0.9329877907894051
chr9	73764933	73766412	0.9525840416238306
chr9	83049540	83055571	0.8183901767528915
chr9	88761032	88762670	1.0
chr9	90149605	90155634	0.8243692226364102
chr9	94113536	94119565	0.6595970228720864
chr9	95697586	95703604	0.9413787192838015
chr9	99853328	99855199	0.8022878376447473
chr9	100983202	100985104	nan
chr9	100985104	100987008	nan
chr9	103237486	103241471	0.8881052727980476
chr9	110417103	110423126	0.7293808256537773
chr9	110791098	110797129	0.7904142555837073
chr9	112798108	112804159	0.9384707567977449
chr9	132526541	132529519	0.9777337782324206
chr9	138183925	138186474	0.6503120857026978
chr9_GL383541v1_alt	138401	144439	1.0
chr9_KI270823v1_alt	34405	36307	nan
chr9_KI270823v1_alt	36307	38211	nan
chrUn_GL000219v1	111191	112282	0.8263037214576379
chrUn_GL000219v1	112281	114251	0.5732145180136471
chrUn_KI270363v1	1	1803	0.964285746216774
chrUn_KI270442v1	192451	193870	0.9955954897815363
chrUn_KI270508v1	1	1951	0.9245254258360653
chrUn_KI270741v1	153010	157432	nan
chrX	11707249	11713279	0.7145556850219841
chrX	11935297	11941314	0.702851067428273
chrX	21330647	21331772	0.7674481831656562
chrX	23238517	23244575	0.7607094313562937
chrX	26314418	26320446	0.729446090089205
chrX	31530648	31531725	0.6719625827993855
chrX	31531727	31535639	0.7995939315272278
chrX	35221420	35223880	0.9665747643486271
chrX	43306198	43311790	0.8323794090650556
chrX	49967496	49968964	0.320778603368624
chrX	50019457	50025505	0.616764449014294
chrX	54118686	54124744	0.7346471442901564
chrX	55685047	55687183	0.8510876457566179
chrX	56647616	56649504	0.7005940262796515
chrX	56695885	56701916	0.5182759046574664
chrX	58468090	58469168	0.7444885316717824
chrX	63318640	63320440	0.6415808237261242
chrX	64013268	64019286	0.5068468419508746
chrX	64517528	64520007	0.6239133672927742
chrX	65207596	65209676	0.45288554416461424
chrX	65209677	65211107	0.41853072278566295
chrX	66180697	66186728	0.5665615304457842
chrX	69982640	69983880	0.663358532132641
chrX	71798458	71801832	0.7641127439526036
chrX	73106143	73112170	0.48212988341520385
chrX	73380993	73387014	0.5008695566848235
chrX	74990963	74992477	0.39517293929502545
chrX	76233355	76239154	0.972491455583824
chrX	76322786	76328816	0.4669168674209719
chrX	77205120	77208619	0.3972033818182382
chrX	80534204	80536001	0.48423878666952574
chrX	81841154	81847184	0.6805022315797126
chrX	82393468	82395266	0.8467753064778278
chrX	83059585	83065637	0.6721224801495465
chrX	83542397	83548420	0.6095669534036968
chrX	83838052	83839860	0.8695716170874317
chrX	86350179	86354023	0.5718869410618038
chrX	86446294	86449424	0.4958553991664332
chrX	86557358	86560507	0.6492313925672539
chrX	87821408	87827419	0.6987120290898063
chrX	91332923	91336075	0.7589458638648374
chrX	92254242	92256469	0.7919826162841002
chrX	93310513	93311793	0.7997269056737423
chrX	95809848	95811359	0.5356615340567676
chrX	95811355	95812590	0.6217190982841769
chrX	96057825	96063842	0.6419877519030537
chrX	101471545	101474982	0.68440511447245
chrX	106469286	106475319	0.6375226885371791
chrX	107612201	107613875	0.5883005765247801
chrX	113687126	113690039	0.7997617045506308
chrX	119435469	119441493	0.8692861339584448
chrX	121263793	121265514	0.48606398644522136
chrX	121265514	121267972	0.790941593266775
chrX	121437645	121441338	0.8711845641726245
chrX	126185971	126191252	0.729016625855518
chrX	127362224	127368248	0.6382870527100595
chrX	130517378	130523407	0.6819107060534775
chrX	131003044	131005315	0.518507621012103
chrX	131005307	131006504	0.5424692915595365
chrX	131961431	131963410	0.82329803882915
chrX	138063068	138064329	0.5714989911933251
chrX	141421203	141427246	0.6658558867120908
chrX	142477850	142483853	0.751447160780559
chrX	143351969	143354311	0.925544976679104
chrX	144323860	144326759	0.7114772858245145
chrX	145974663	145975947	0.6097917777262745
chrX	147653735	147659767	0.7364849886095209
chrX	148170055	148171886	0.44214105972300977
chrX	148971786	148973169	0.6066186744840957
chrX	149178167	149184185	0.722238901802397
chrX	151330321	151336351	0.7468252215614761
chrX	152349287	152350533	0.718473800160529
chrX	155516017	155522048	0.5425777125914009
chrX	155700621	155703831	0.38408140827933573
chrY	3443551	3449565	0.8739649592244669
chrY	4948914	4954938	0.6500358937544867
chrY	5175374	5176463	0.5365689569826193
chrY	5606145	5612199	0.7840418276881109
chrY	9941131	9947151	0.5942535982674538
chrY	11391314	11393170	0.7473813629380747
chrY	11754924	11756990	0.6273847037996426
chrY	11856620	11861094	0.9030362070272904
chrY	14923000	14925040	0.6664543493705637
chrY	16854971	16857715	0.839249727655604
chrY	17375061	17376184	0.579360987735665
chrY	17376184	17377483	0.4757058040925041
chrY	17865406	17866509	nan
chrY	18039499	18040602	nan
chrY	19034632	19038436	0.801434532450326
chrY	19678083	19679131	0.6555720621165428
chrY	20473018	20475821	0.47117416064653317
chrY	23956872	23959834	nan
chrY	25710292	25713238	nan
