#'chr'	'start'	'end'	'hg38_PE75_20kb_accuracy.bw'
chr1	73845	74895	0.3220338983050847
chr1	74898	76697	1.0
chr1	14028755	14030285	0.8584829806502349
chr1	20831608	20833653	0.8953523887153763
chr1	25506586	25512707	0.951356169275025
chr1	30438492	30444125	0.660377358490566
chr1	34092395	34098413	0.8142786181005837
chr1	40365614	40370869	0.912235613333837
chr1	43114528	43120516	0.9423519848881232
chr1	48150126	48156157	0.7126279721863332
chr1	49282508	49288376	0.7072510531790499
chr1	49875163	49881175	0.6167103908905641
chr1	58126456	58132485	0.7544589625007805
chr1	58269014	58275032	0.7049404267132302
chr1	58373172	58379206	0.7795365921187408
chr1	59647748	59653779	0.6629048503383861
chr1	60208953	60210804	0.542922272610059
chr1	60465300	60466635	0.6491672423448456
chr1	60550726	60551784	0.393203028433715
chr1	60640013	60646037	0.7061142631933826
chr1	63925013	63927556	0.8793458443316483
chr1	65558565	65564576	0.5965506815200449
chr1	65874503	65875962	0.6863063727036333
chr1	68875778	68881805	0.6720267490346139
chr1	68923487	68926929	0.750767964045022
chr1	68927016	68929511	0.6067229632146373
chr1	69114478	69120511	0.7014534290643468
chr1	69882614	69888643	0.6682736621624321
chr1	71888204	71894235	0.8236695280361286
chr1	72898769	72900480	0.9739268548233616
chr1	72900783	72905092	0.844176747717351
chr1	74445910	74447378	0.6553504295667446
chr1	74448282	74449467	0.847953493685662
chr1	74449469	74451411	0.8776873819123336
chr1	75375827	75377085	0.86739318776396
chr1	75383478	75388208	0.6367809480791975
chr1	76999487	77005515	0.7838192002549921
chr1	78282192	78283452	0.6899439760616848
chr1	78845457	78851474	0.8477418254244384
chr1	79938403	79944419	0.80229785561839
chr1	82250045	82256069	0.8502941548333063
chr1	83182175	83188201	0.9018798039911279
chr1	83339021	83341260	0.636547811686716
chr1	83350414	83356465	0.8193168963339712
chr1	86242535	86245288	0.5573542197097919
chr1	88341843	88347867	0.910685574103679
chr1	89412580	89418615	0.686027666638145
chr1	89560390	89561898	0.6576421913006577
chr1	89747027	89753053	0.6870320509937448
chr1	91211588	91216947	0.5665521758503504
chr1	93790653	93796681	0.7398359672837583
chr1	96604387	96610400	0.8030202215155641
chr1	97317945	97322243	0.6169286863700686
chr1	98588662	98592036	0.9518324210930662
chr1	98592033	98593044	0.6396290598000546
chr1	102928103	102934113	0.7681658897605644
chr1	103355358	103356611	0.6127285081581031
chr1	105214147	105216398	0.6551303406494663
chr1	105658760	105660938	0.5744135131028073
chr1	108576307	108578640	0.8187364866741025
chr1	112154800	112160810	0.7489556808685066
chr1	112221419	112227438	0.6919906665459801
chr1	113359473	113360632	0.7234593277557643
chr1	113360589	113362950	0.5250113623515892
chr1	115147822	115153959	0.7821765049323209
chr1	115625735	115627078	0.7034658762561857
chr1	118280888	118286905	0.703315570541884
chr1	118575348	118578116	0.46364314225367725
chr1	119058308	119059758	0.6175088607853857
chr1	121309426	121314863	0.8930971288943189
chr1	143558091	143564124	0.8831194324254709
chr1	144965216	144970658	0.8613037447988904
chr1	146868404	146872517	0.6511293476287486
chr1	147423219	147429241	0.680367169072168
chr1	152431212	152436703	0.7344444820111812
chr1	152955577	152956879	0.5014002028789755
chr1	158761667	158763794	0.5475379337600884
chr1	158886104	158892114	0.7064607485062667
chr1	158952741	158958797	0.6948122892090792
chr1	159759624	159761476	0.7125060324985574
chr1	159761476	159762892	0.5233082485906149
chr1	162311582	162312729	0.7308500477201334
chr1	162737977	162739318	0.5751002257124512
chr1	163639994	163646040	0.7983663263716841
chr1	164459204	164465253	0.7238320430941413
chr1	168348863	168354879	0.8403365886481954
chr1	169251562	169257591	0.7121173905409454
chr1	171373587	171379567	0.8522803220760862
chr1	172806479	172808003	0.6986300515846944
chr1	174233267	174239293	0.6631131317680395
chr1	174377792	174383815	0.6278502813283058
chr1	174633016	174635044	0.5161564937945183
chr1	174843227	174849243	0.6673119975491724
chr1	176002355	176008367	0.7516230393972384
chr1	176256086	176262110	0.7120818078696015
chr1	177633928	177639946	0.6798348083170574
chr1	178314792	178320818	0.8348152393477093
chr1	178777160	178778857	0.566768518952531
chr1	178837548	178843666	0.8310183851289443
chr1	185251799	185257805	0.7589060766108352
chr1	185887307	185893334	0.7291626022371147
chr1	186637332	186643356	0.8401729069313111
chr1	187824265	187825626	0.6629731963306642
chr1	188752217	188758260	0.8432467308958587
chr1	190730309	190734390	0.8612216599500829
chr1	191063522	191064546	0.5950100839836523
chr1	191069149	191070173	0.6545218885876238
chr1	192500585	192506612	0.7699012833983536
chr1	194272004	194273160	0.605836529117142
chr1	194905587	194906673	0.8711641481029093
chr1	194906671	194907826	0.7698985324277506
chr1	195551893	195553246	0.7659968256189266
chr1	198077155	198078647	0.6878881681780393
chr1	200796674	200800983	0.9282452955481476
chr1	206327807	206333246	1.0
chr1	207721196	207722629	0.6068603131459962
chr1	207730467	207736495	0.8384724464452892
chr1	210441854	210444675	0.7372037164650608
chr1	216485646	216491614	0.9421123255059722
chr1	217690493	217696523	0.8723143670852429
chr1	219455573	219458069	0.6896664197735476
chr1	220245156	220246931	0.8359161162040603
chr1	223395535	223401557	0.7066090307055353
chr1	227207365	227210093	0.7380597980753067
chr1	232823588	232824915	0.8288165831260422
chr1	242045562	242051585	0.8992188554561039
chr1	245280606	245282018	0.7637140755528431
chr1	247725547	247727449	0.4494177555561567
chr1	247727450	247728670	0.7263145862055607
chr1	247888323	247894338	0.6100769721091247
chr1	248166560	248172589	0.5669051692163709
chr10	464770	467542	0.8226953210409529
chr10	1258281	1262287	0.7160970657037249
chr10	1302017	1308092	0.7877147688689056
chr10	1767079	1769402	0.9424447320013584
chr10	1769381	1770953	0.8838912174295226
chr10	2254073	2255094	0.835636712836939
chr10	3771268	3772296	0.8203931026421633
chr10	7058043	7063471	0.749717206882921
chr10	7137523	7142956	0.8075837928485677
chr10	10107442	10108473	0.6548651220379931
chr10	10556036	10558861	0.7264295711517333
chr10	10650858	10656884	0.7859357771705718
chr10	11731437	11737465	0.9142750177668174
chr10	15915732	15921753	0.8477869773828538
chr10	18030652	18036675	0.9098485765597234
chr10	19284251	19286545	0.5229493694867235
chr10	20538368	20540520	0.5768885805330423
chr10	20568509	20572895	0.5384728684851529
chr10	20751668	20757692	0.7149694506519152
chr10	21322070	21323242	0.8512876722389521
chr10	22123890	22129939	0.7598177412360695
chr10	25247315	25253340	0.7583989970291717
chr10	25515370	25521391	0.7470782962969296
chr10	30948037	30953410	0.7839833234644638
chr10	31443413	31449437	0.6524208436034374
chr10	37066118	37067527	0.592479306641329
chr10	37085343	37087036	0.6738453318364368
chr10	37777541	37778698	0.5002874528011991
chr10	37778698	37780539	0.5461302338767997
chr10	37896971	37902986	0.7008604685762775
chr10	37995444	38001451	0.7356573575265757
chr10	39215603	39216689	0.7309283976396803
chr10	39466260	39470575	0.4513040317193752
chr10	39479372	39480452	0.650749513120563
chr10	41797911	41803897	0.8516621621559155
chr10	42435382	42441412	0.6289431056687137
chr10	44482819	44488227	0.7163666864304865
chr10	52233329	52239334	0.7337840430841756
chr10	55683077	55689092	0.7799909570667016
chr10	56186333	56192251	0.8283889097891218
chr10	58653685	58655904	0.7014922219764654
chr10	61055218	61056442	0.7085800205959993
chr10	62602751	62608755	0.8222295803336913
chr10	78088451	78094479	0.7613849711482501
chr10	80722510	80728544	0.7718522082204404
chr10	81440654	81441674	0.6540962160802355
chr10	81709616	81715642	0.7007102994873762
chr10	82344063	82350086	0.8056908834322968
chr10	84279968	84286006	0.7472891388457908
chr10	84756879	84762882	0.6185090555672966
chr10	85744384	85745735	0.6235418032488057
chr10	91503264	91509287	0.6653742223765274
chr10	94816580	94817731	0.5178135903268974
chr10	94818909	94820369	0.5667999777891864
chr10	94824661	94830681	0.6720786216944159
chr10	98220387	98222717	0.628680918835775
chr10	99152738	99158758	0.6631754103443912
chr10	106844584	106850610	0.9133888273929919
chr10	107464699	107468022	0.802119438809115
chr10	108066103	108067506	0.7385730077688472
chr10	108113944	108120006	0.7995049981053585
chr10	109223622	109229635	0.6647535582439645
chr10	109241327	109243179	0.5726165980036264
chr10	111583928	111589948	0.7290928328750141
chr10	111813808	111819830	0.698528292472199
chr10	112062392	112068402	0.6750658008047772
chr10	112204708	112206830	0.6022022947963963
chr10	115362337	115368543	0.7959830147813606
chr10	117079039	117085063	0.9436947057409758
chr10	117832896	117838887	0.9504386185533649
chr10	120919374	120922376	0.5571528294411171
chr10	125945238	125951250	0.8957373201847076
chr10	130650761	130652551	0.81837858484444
chr10	133503474	133505363	0.6818392298535861
chr11	4619842	4620922	0.6305178470081754
chr11	4933575	4936461	0.7207675962996678
chr11	5477499	5483520	0.6594233650777886
chr11	5676246	5677564	0.582532736392231
chr11	6119734	6121147	0.7910948595016492
chr11	6121456	6122902	0.603384869474593
chr11	6185351	6191366	0.6752784082472375
chr11	7325112	7326556	0.5460682337964341
chr11	7326554	7328078	0.4765601604785819
chr11	7658149	7664171	0.6780958200639484
chr11	7734500	7740482	0.6111012027938005
chr11	7861035	7867070	0.9325337331334332
chr11	7920265	7923840	nan
chr11	8140814	8145223	0.6653272041383042
chr11	13507195	13510245	0.5573461707365714
chr11	14628167	14634160	0.5391763123888296
chr11	14715909	14721938	0.5765764846456132
chr11	14756803	14759371	0.5333814491456914
chr11	17028491	17034655	0.886481252034825
chr11	22016003	22022021	0.6103065143484497
chr11	22284808	22290788	0.7503580823939381
chr11	23298137	23304191	0.703618766354144
chr11	23790712	23792099	0.6714151836421391
chr11	23792099	23793412	0.5497596135869429
chr11	24388313	24389517	0.5056614628265862
chr11	25634991	25636717	0.49773475866190664
chr11	27219704	27225732	0.7691824820938385
chr11	34686969	34690828	0.7770275692530557
chr11	34691293	34692830	0.9548805705820033
chr11	35395676	35396774	0.695477356133348
chr11	36613918	36615898	0.5719031615088684
chr11	37240713	37246716	0.8270986384200033
chr11	37492359	37493526	0.6448637461090251
chr11	38999685	39000788	0.6600836366820314
chr11	39000788	39002009	0.7133525673919384
chr11	39047112	39048289	0.5305620398476859
chr11	39846657	39852654	0.7206551445828531
chr11	40585473	40591501	0.8464381582079789
chr11	42429264	42435286	0.7555940226097841
chr11	42679643	42681027	0.5203527037721838
chr11	43346102	43352118	0.7072813522189538
chr11	48392410	48394028	0.601414433831691
chr11	48744638	48750715	0.7043728172342977
chr11	48772240	48774452	0.5670520326574192
chr11	48853723	48854845	0.5679503041792681
chr11	49711880	49715000	0.565915624728266
chr11	49725284	49731317	0.6993852002251394
chr11	49775120	49781151	0.511636299048808
chr11	50179671	50180824	0.5426974154407835
chr11	54845114	54849946	0.7535918403371834
chr11	54946967	54952988	0.6242928950980323
chr11	55459917	55465937	0.6803769311792142
chr11	55531392	55534270	0.5525494268820301
chr11	55685641	55691667	0.6195902330433061
chr11	55986262	55992017	0.7386758095486904
chr11	56724755	56728054	nan
chr11	56758710	56760265	nan
chr11	56912850	56914182	0.5194834793383653
chr11	56942379	56943459	0.6897649604413244
chr11	56964392	56966326	0.6267161859351575
chr11	57994163	58000187	0.7736979681321852
chr11	58048700	58051607	0.4688427563401732
chr11	58051585	58052607	0.36576855888338705
chr11	59507029	59508289	0.5698934319473449
chr11	60435418	60441441	0.7547407493170919
chr11	60532162	60538190	0.6499411078790823
chr11	63185546	63191694	0.7262289240888442
chr11	63435304	63441326	0.6026076235360847
chr11	74222945	74224986	0.6487843542049937
chr11	74756997	74758505	0.7045211509779215
chr11	74758804	74762555	0.7651395202825834
chr11	74877464	74883532	0.736209908897729
chr11	75748617	75754649	0.8755652085700232
chr11	83394678	83395766	0.7108967200140742
chr11	83587649	83593656	0.8210441520646412
chr11	84039219	84041124	0.6926257694800069
chr11	85849145	85850319	0.7162872957513117
chr11	86536179	86537295	0.58364336641245
chr11	86755792	86757148	0.6533793325269468
chr11	87047305	87053192	0.6310848252607644
chr11	87163040	87165679	0.5554641639025386
chr11	87698099	87704215	0.7755653572928446
chr11	88647491	88648666	0.6642914085185274
chr11	89313261	89319255	0.8536232808393959
chr11	90089697	90095729	0.7195946534206583
chr11	92026889	92033124	0.7543135292664134
chr11	93172448	93178524	0.6962183854390007
chr11	94036858	94042888	0.6654633675740528
chr11	94232525	94238528	0.6664635276725772
chr11	95626327	95632351	0.8029728446249784
chr11	96405621	96411665	0.7506997038085079
chr11	96771828	96777820	0.7780345244672746
chr11	96934846	96937016	0.5750585998807635
chr11	98273923	98275435	0.6569473711901872
chr11	98275429	98276845	0.7489522167686689
chr11	98435038	98437026	0.640885326838949
chr11	99781735	99783980	0.5678636394524096
chr11	100285747	100291751	0.6268167661715157
chr11	100409042	100415069	0.6568793528522291
chr11	100451859	100457873	0.5889978215252001
chr11	100475721	100481744	0.5489649385307865
chr11	102369167	102375192	0.7618672833764604
chr11	107361811	107367839	0.6260237586144396
chr11	108260627	108266643	0.7641811670384108
chr11	108356932	108362967	0.6945104193568921
chr11	109401914	109405316	0.626581790910126
chr11	109571833	109577059	0.7784244860217711
chr11	109878369	109882003	0.7566154618282684
chr11	110208987	110215001	0.7914948393293115
chr11	112326553	112331151	0.9670506199501313
chr11	114839821	114842962	0.7603355668477816
chr11	116570828	116576273	0.8313997232990598
chr11	122826571	122829053	0.8945243995143698
chr11	127287101	127289005	0.7998336943007317
chr11	127776696	127782718	0.7891178799326664
chr11	131507902	131509047	0.7193344838234015
chr11	133640804	133646828	0.8742212607134147
chr11_JH159137v1_alt	42597	45896	1.0
chr11_JH159137v1_alt	76552	78106	nan
chr11_KI270829v1_alt	92540	98571	0.8275403961580966
chr11_KI270829v1_alt	151766	155341	nan
chr12	2130304	2136321	0.9073475281370639
chr12	4508896	4514901	0.8785714544349561
chr12	5116427	5122428	0.8339640707338756
chr12	7251132	7257263	0.7935038817646336
chr12	9579441	9582450	0.704672233255728
chr12	11297657	11303685	nan
chr12	11935834	11937476	0.6454752672749519
chr12	11937475	11938770	0.8267583784909782
chr12	13397635	13398643	0.5720464185708098
chr12	16707192	16709042	0.7582086499961647
chr12	16709042	16710593	0.6821893459746793
chr12	17175733	17179669	0.6729861676571814
chr12	17768361	17774389	0.6508462992561679
chr12	17855569	17861565	0.5697586253244971
chr12	21209061	21215087	0.6702550237573661
chr12	21284396	21288024	0.5530455127900595
chr12	21395010	21401039	0.6652653291265375
chr12	21419216	21425234	0.5932157170776514
chr12	22734757	22735834	0.6904680651431849
chr12	23070637	23076652	0.8213980452180007
chr12	25484506	25486957	0.6818445084874166
chr12	25486955	25489653	0.8739622098547692
chr12	26216325	26217834	0.784247373206299
chr12	28761119	28766054	0.7730614675697706
chr12	29833072	29834672	0.7329148724675179
chr12	33737923	33743488	0.7901888957398808
chr12	37449583	37450860	0.7560204452336908
chr12	38071659	38073316	0.7465479626451261
chr12	38073317	38075623	0.6294215407096502
chr12	39791161	39792438	0.3797390892716619
chr12	39836417	39838504	0.5400995151757851
chr12	39978317	39984339	0.8130268117135168
chr12	41637416	41643440	0.688902042291633
chr12	41666305	41672330	0.6132948449043812
chr12	41672453	41678469	0.558671508772781
chr12	43470974	43477008	0.795377894233385
chr12	44180353	44182431	0.6704935222663365
chr12	44950959	44956988	0.6980488317624552
chr12	46420945	46427078	0.7695792848625607
chr12	46704797	46706355	0.6350918528510303
chr12	46940318	46941396	0.6654748585980544
chr12	55344250	55350274	0.584942531340309
chr12	55484009	55490018	0.5934716610637515
chr12	57646480	57652498	0.8316428510471549
chr12	58109258	58115306	0.7757764271997586
chr12	59466088	59467123	0.7910327754158905
chr12	59467126	59468985	0.6263530535554296
chr12	61539546	61541123	0.6187013643182526
chr12	61941441	61947489	0.8125530581848687
chr12	64139466	64140549	0.7958206498611887
chr12	64195588	64201638	0.8039397353188604
chr12	64287350	64293377	0.7228538118993858
chr12	65348910	65350359	0.7907245015587948
chr12	67900209	67906224	0.7485821913463333
chr12	70013066	70019080	0.7145640398126367
chr12	71098374	71103641	0.612210071049241
chr12	71118073	71124103	0.6731511987180372
chr12	73147618	73153645	0.658314689970843
chr12	73394810	73400830	0.6666358007521896
chr12	77173382	77179424	0.8157882406792383
chr12	78070552	78071794	0.6855572640607899
chr12	78071770	78073881	0.7840557652646927
chr12	79039622	79045645	0.8783530927112129
chr12	80244170	80250184	0.6654039530111089
chr12	82224101	82225103	0.7419936402353222
chr12	83584267	83590245	0.6553196647477296
chr12	85193159	85197837	0.7731987063595175
chr12	85312420	85318459	0.8108072127109925
chr12	86802545	86804429	0.6175393487174546
chr12	87191779	87194334	0.6073038259003066
chr12	87582310	87583804	0.5147986881225464
chr12	87913134	87914731	0.6250405982649916
chr12	88621729	88622849	0.6282725887639182
chr12	88708858	88714885	0.7899965694005071
chr12	90536604	90542635	0.8474474317572791
chr12	92313999	92320023	0.8472447980420439
chr12	92916602	92921762	0.8851649693746134
chr12	93987975	93989455	0.7229556084887402
chr12	96315943	96321971	0.8319394438272292
chr12	97651134	97657167	0.6555641291055754
chr12	97704728	97709190	0.5176220434839767
chr12	101146044	101148172	nan
chr12	101152061	101155141	0.7293640054127198
chr12	101508927	101511808	0.7387522269778439
chr12	101586114	101587285	0.6350887059961803
chr12	102307782	102313768	0.8091083147453264
chr12	102827178	102833208	0.764811360025485
chr12	103434389	103440411	0.857362935437177
chr12	105628262	105634450	0.8413015527771406
chr12	106471866	106477891	0.8107857869213743
chr12	108996948	109002973	0.9408270243750679
chr12	112621198	112627228	0.95791677647553
chr12	127094606	127100631	0.8941471735295309
chr12	130586485	130587842	0.9177932212171787
chr12_GL383553v2_alt	103158	106240	0.8636363636363638
chr12_GL383553v2_alt	106237	109326	0.6459683225341972
chr12_GL383553v2_alt	109323	112407	0.29542097488921715
chr12_KI270904v1_alt	492620	498648	nan
chr13	18517818	18519561	0.9900872323552736
chr13	18519561	18521525	0.8417721518987342
chr13	19103713	19109724	0.830778559849033
chr13	19272996	19279012	0.7648110060194641
chr13	19496787	19502813	0.8362566942738053
chr13	35088675	35090061	0.5450471128736224
chr13	36008230	36014237	0.8816791111712168
chr13	37149953	37155982	0.7999340856049583
chr13	39000818	39006875	0.9103585260908741
chr13	40356291	40362321	0.7820381757782845
chr13	40734920	40740945	0.7502336817954663
chr13	40828820	40834834	0.6818887308557412
chr13	42384954	42386722	0.6481396671199151
chr13	42424881	42430912	0.7608275086408289
chr13	43160932	43162235	0.8156888571411303
chr13	43162236	43163435	0.7160108096406697
chr13	43966797	43968320	0.8453632663991681
chr13	43971706	43976214	0.9335678507026524
chr13	45645031	45651067	0.7596963266176837
chr13	47221598	47225589	0.7129041914263634
chr13	47781889	47787912	0.7274682150967196
chr13	49158537	49163769	0.922828153003611
chr13	50180296	50186330	0.8036731748414195
chr13	50982055	50988070	0.843922832362967
chr13	52269641	52275659	0.6948051945775224
chr13	53093688	53098324	0.8899478629573101
chr13	55320241	55321326	0.7462327423183599
chr13	55812103	55813270	0.8919147401154297
chr13	56611204	56612599	0.641012209547036
chr13	58672618	58678643	0.8373897315708865
chr13	59026573	59031172	0.8499208750168016
chr13	59848314	59850684	0.6551578964865158
chr13	59984540	59987488	0.7906708752924807
chr13	60741752	60744133	0.7163086320653196
chr13	61844349	61845435	0.6884462496413272
chr13	64231142	64232753	0.7729825685292131
chr13	66737483	66743507	0.7984444697796903
chr13	67680248	67685563	0.8752738791252714
chr13	73640528	73646551	0.8364210642010059
chr13	76545040	76548233	0.6667536194412914
chr13	78094928	78096241	0.7355403774400204
chr13	80151906	80153647	0.8992637281853327
chr13	80153646	80156418	0.7525756711309607
chr13	80916595	80918443	0.7410407991378338
chr13	82045350	82051380	0.7990549650250559
chr13	82499059	82500125	0.5705698446194182
chr13	82741881	82742943	0.7415394218403516
chr13	84502594	84503973	0.8143217501387897
chr13	85123205	85129221	0.8829078574907009
chr13	89087886	89093918	0.9209927355460527
chr13	91603951	91607097	0.7993734529936145
chr13	93490519	93496537	0.8213284030360278
chr13	95734819	95740837	0.8304364605202148
chr13	100698083	100704117	0.8459680326707362
chr13	105299185	105301362	0.7274904494226444
chr13	106213541	106219555	0.8895678894722183
chr13	106929332	106935363	0.8729092809286071
chr13	107920657	107926706	0.8697312337716168
chr13	111018507	111019998	0.8620190828299059
chr14	21896594	21899484	0.7354896240764194
chr14	23919465	23921813	0.6607821138236145
chr14	24001955	24003971	0.4578613419627303
chr14	24486134	24488900	0.5376382657932501
chr14	25204225	25206864	0.6572014128025614
chr14	25207167	25210563	0.8037796000850215
chr14	25778864	25784872	0.6817229610377764
chr14	26296496	26300612	0.7112359826256629
chr14	26629269	26635299	0.7079108440855905
chr14	26673316	26679374	0.732343837420417
chr14	27458959	27461529	0.6045280829014017
chr14	28178040	28179539	0.6149581834186786
chr14	28188443	28194470	0.6766341149915762
chr14	28312503	28318523	0.7573457343930818
chr14	28544408	28545738	0.6321038983818283
chr14	29478141	29481510	0.7069235320931976
chr14	30363538	30369568	0.7086569155428936
chr14	34294477	34296232	0.49835316712913647
chr14	37350919	37356933	0.7306537251259189
chr14	37496126	37497305	0.4246058521683283
chr14	39935409	39937225	0.5866272376956919
chr14	40326208	40332209	0.6132244654430067
chr14	40348059	40354070	0.647346026805014
chr14	41209339	41215358	0.7718831056830772
chr14	42499798	42501637	0.6885101632491086
chr14	42954084	42956043	0.6029532294361003
chr14	42956045	42959252	0.7293116009640552
chr14	42998170	43000171	0.5062621298103199
chr14	43062335	43068363	0.6782357766680474
chr14	43370270	43376295	0.6038325795246853
chr14	43391081	43392744	0.5430443809466841
chr14	43492186	43498201	0.6563928987864941
chr14	43597901	43602088	0.7307446356004196
chr14	43602085	43603403	0.4957617622134537
chr14	44126853	44128417	0.5478334537018901
chr14	44158440	44160411	0.5870785340326562
chr14	44641759	44645313	0.5603754216606991
chr14	45883228	45889258	0.6904267527471926
chr14	45991026	45993407	0.6134553490091602
chr14	47794966	47800647	0.7774590717658969
chr14	47901181	47907204	0.7146928453987745
chr14	48314010	48315494	0.5208111167797502
chr14	49096715	49102732	0.7189280033874338
chr14	52255423	52258132	0.6276081597158151
chr14	53266407	53271579	0.743882716439624
chr14	55988183	55993244	0.7188127308526827
chr14	56441819	56447831	0.699370226936188
chr14	56667528	56673561	0.7279450222862196
chr14	57112211	57118214	0.7603933373908291
chr14	57551747	57553280	0.6191593851050907
chr14	58032540	58038561	0.7556025906889365
chr14	59946505	59952523	0.7282963034806688
chr14	70475204	70476939	0.8764767142468983
chr14	70478541	70482849	0.733674648659487
chr14	71037710	71039234	0.6473147815919611
chr14	71368161	71370444	0.7542870238144354
chr14	71842965	71848996	0.7792349680140175
chr14	82347550	82353568	0.897970259793911
chr14	83201889	83204719	0.8368345321699082
chr14	85885596	85891616	0.7170232475725646
chr14	86105460	86111494	0.6221389250097188
chr14	91430865	91436893	0.8568197530411517
chr14	91640245	91646233	0.5
chr14	101266200	101272227	0.9379356289597304
chr14_KI270844v1_alt	108040	114028	0.9538506794368289
chr15	17049335	17050764	0.735759504610979
chr15	19822816	19824434	0.8425644925584923
chr15	19890349	19894324	0.8480151014174184
chr15	20311031	20317051	0.786403513604537
chr15	21628311	21631789	1.0
chr15	22070898	22074376	0.7361111640930176
chr15	24691868	24693070	0.9034028996573169
chr15	36118816	36120772	0.7561655058573117
chr15	37399472	37405476	0.6639633748151714
chr15	39420571	39426588	0.8690020802940935
chr15	39521882	39524143	0.6325350438263172
chr15	44252035	44258049	0.798214469941818
chr15	45597903	45600342	0.7757249519375462
chr15	46744998	46749615	0.7010500334753524
chr15	47165533	47171560	0.8424635902713398
chr15	49354234	49360252	0.7447276382117547
chr15	49395984	49402014	0.7477558561620823
chr15	49778510	49784518	0.7979837935789924
chr15	51173566	51179009	0.7227823003030506
chr15	53135443	53141475	0.7554379726317897
chr15	53494777	53496344	0.5960588398524432
chr15	53496344	53497411	0.7596376298629132
chr15	53540634	53546677	0.7828276017121323
chr15	55063994	55069991	0.7434570373088614
chr15	56134619	56140628	0.7770650344536049
chr15	56311144	56317177	0.7404721863009003
chr15	58125732	58131761	0.9038816809981453
chr15	60949946	60954454	0.918335438303537
chr15	62143637	62145095	0.6596890315311272
chr15	64326661	64332685	0.9183129783339953
chr15	71094571	71096330	0.608262673045777
chr15	71174140	71180152	0.7563797465621072
chr15	73508420	73514470	0.7543076342085133
chr15	77205826	77206842	0.6446430342873251
chr15	79272633	79276191	0.7964593945797743
chr15	81655038	81656164	0.5677033801485336
chr15	81668514	81674504	0.6504932251716894
chr15	81697166	81703174	0.6288717387916245
chr15	81730281	81736308	0.4833218417041868
chr15	81797931	81803963	0.5868699317213979
chr15	81870668	81876699	0.6184679959824856
chr15	81995167	82001196	0.6654088526516826
chr15	83383652	83389616	0.7596257014294113
chr15	85433964	85439965	0.8933352184509372
chr15	86528095	86534125	0.7412817775708921
chr15	86999227	87001308	0.6333593377008397
chr15	92136973	92140869	0.8074202149070101
chr15	93431279	93432496	0.7279423322458197
chr15	93675400	93681428	0.7864399132961043
chr15	97265581	97271604	0.6555281105022503
chr15	100417072	100423096	0.754405593475645
chr15	101626451	101632475	0.9432185270376425
chr15	101915435	101917234	1.0
chr15	101917237	101918287	1.0
chr15_KI270727v1_random	362711	366161	nan
chr15_KI270852v1_alt	393462	396912	nan
chr16	7728045	7729917	0.8789898094394778
chr16	21042673	21048703	0.9047134892062575
chr16	36071923	36077950	0.7975232484711953
chr16	46449412	46455427	0.7650451072974885
chr16	47807976	47814106	0.7466614678575009
chr16	48015466	48021489	0.7198882667443968
chr16	48768572	48774603	0.7724386026285671
chr16	59559295	59565319	0.7511911307366325
chr16	59976602	59982619	0.7592358351254225
chr16	60195372	60198248	0.5343864362412268
chr16	60522746	60528760	0.7629829936440616
chr16	61782079	61788101	0.639965196722305
chr16	61801456	61807489	0.6102644290355788
chr16	63388078	63394106	0.770909709908329
chr16	65236910	65240075	0.8398955908808474
chr16	70843044	70847154	0.9072356215213359
chr16	71602824	71604289	0.8384961125614879
chr16	71604287	71605693	0.8643800912918395
chr16	72342001	72346146	0.7397368284416429
chr16	72627275	72633298	0.7226240544764084
chr16	73824401	73830431	0.9535424415618935
chr16	75821960	75827981	0.8260609509876059
chr16	75873698	75876283	0.7041163851490796
chr16	76757344	76758430	0.7049891736845505
chr16	80086063	80091657	0.8485260987690956
chr16	82139256	82145258	0.8329703602660541
chr16	83495850	83497665	0.9262668598781932
chr16	86262174	86268197	0.7870785890423144
chr16	88217441	88218519	1.0
chr16	88218516	88219707	1.0
chr17	3147367	3153409	0.6568398353970039
chr17	3176531	3182557	0.6351558489047954
chr17	3274296	3276105	0.5500401027496511
chr17	3326555	3332726	0.6486239182220125
chr17	11477424	11478974	0.6064073746435104
chr17	12449904	12455932	0.8583809354202041
chr17	22649600	22651061	0.6013672118477427
chr17	26675747	26679560	0.8094116236136212
chr17	26699199	26700813	0.6241349481517054
chr17	27039670	27045623	0.7978624641925846
chr17	27099165	27105176	0.73203824402718
chr17	27160727	27162655	0.5464956645631686
chr17	27900672	27901801	0.6620892897657423
chr17	30439409	30442125	0.8105589038370582
chr17	32678258	32684272	0.7960931102738731
chr17	32887138	32893184	0.7370260365775967
chr17	34292451	34298452	0.8211084772744152
chr17	41200868	41206900	0.8011539760058058
chr17	51482525	51484941	0.7249457618424312
chr17	52185538	52186711	0.6402263298872081
chr17	52403848	52409865	0.8473433872791464
chr17	55501717	55507741	0.7523106991802011
chr17	56049395	56050769	0.548331070848601
chr17	56050765	56052234	0.7990512249825193
chr17	56192057	56193414	0.5540727062003966
chr17	60881441	60887474	0.8224086546987811
chr17	61110230	61116238	0.8702717593132682
chr17_GL000205v2_random	44577	50603	0.9750538820597597
chr17_KI270729v1_random	191354	197373	1.0
chr18	1516190	1522240	0.7983365288450698
chr18	1633059	1634183	0.725021965457027
chr18	2247168	2253196	0.8583046797557398
chr18	4472146	4477324	0.8192902425395425
chr18	5004137	5010155	0.8189791794352533
chr18	7398118	7403452	0.8593299369148859
chr18	7966443	7972474	0.8041555642915259
chr18	8057453	8063463	0.8298963323415044
chr18	10572669	10578678	0.9188192683461304
chr18	12202445	12208458	0.7882751990222613
chr18	14818361	14821461	0.8622904179557678
chr18	15216982	15218951	0.9664684423729337
chr18	15218951	15220697	0.8033617130896011
chr18	15366978	15370947	0.8296268879182115
chr18	22529637	22535664	0.8573371051453145
chr18	22819315	22820558	0.5379362203186784
chr18	24619043	24625072	0.8165024889209492
chr18	24710815	24716841	0.875293249910818
chr18	27510009	27516039	0.770542058844509
chr18	27737727	27743750	0.7822704511268023
chr18	28416545	28422561	0.8057065757043139
chr18	28942182	28943222	0.6567050725794755
chr18	29150606	29152938	0.7646141492124283
chr18	30021863	30027457	0.9227780196456851
chr18	31347969	31353996	0.9356253172442631
chr18	32856627	32862684	0.8779954366762405
chr18	34331116	34337159	0.8012825577893874
chr18	34552379	34558395	0.7629850238383292
chr18	34713943	34715216	0.673336849471105
chr18	35205780	35211809	0.7831566721318537
chr18	39565593	39571600	0.8441059753457685
chr18	39924370	39930434	0.8473334000623923
chr18	40187640	40193657	0.8403410853510662
chr18	41631743	41637769	0.869269906435937
chr18	43298581	43300398	0.5850682988820263
chr18	43323962	43326711	0.6958429963426531
chr18	47348226	47354243	0.8686657934872226
chr18	51740632	51746665	nan
chr18	53173507	53177343	0.7645235842363802
chr18	55715485	55721529	0.8624912216433265
chr18	57259697	57265728	0.8844085887005473
chr18	57719249	57725264	0.9429485920268917
chr18	59403940	59409970	0.8222757547253597
chr18	60029679	60035707	0.8725456259147549
chr18	61715620	61718454	0.7803442568873173
chr18	64878360	64879988	0.9990966835537473
chr18	64880026	64881158	0.6835607549327001
chr18	68226629	68228285	0.7528691284610454
chr18	68784835	68790853	0.8898113172051914
chr18	68859041	68860488	0.7975223329286371
chr18	69449560	69455072	0.8365369397159441
chr18_GL383568v1_alt	52230	58260	0.6440612441342032
chr18_GL383570v1_alt	74978	81011	nan
chr19	115440	116489	1.0
chr19	116492	118291	nan
chr19	15707370	15708596	0.6151369559725969
chr19	23890446	23896455	0.7891424598343104
chr19	24394040	24399943	0.8536355426185074
chr19	28756882	28762969	0.9303591105470678
chr19	29459291	29465188	0.7899846511006821
chr19	37837503	37843533	0.8881013172568424
chr19	40113551	40114633	0.8218983238814278
chr19	42805451	42809000	0.8812666120210746
chr19	46037892	46039772	0.9735853710073106
chr19	55822402	55828429	0.9407501619226716
chr1_KI270706v1_random	7846	13993	0.972972972972973
chr1_KI270760v1_alt	91419	97052	nan
chr2	4642969	4648965	0.8272488834342613
chr2	5049769	5050863	0.767338294597169
chr2	5196906	5199911	0.8893739747916102
chr2	12521758	12527771	0.8862587200613489
chr2	14848065	14854078	0.7066206872195585
chr2	18012017	18018024	0.8067931957771194
chr2	19305840	19311862	0.8069986735654012
chr2	22984154	22990168	0.831820708786561
chr2	23224852	23230886	0.7933920803117476
chr2	30904199	30910223	0.8190386857898846
chr2	37493765	37497347	0.9180065146176792
chr2	40008599	40014619	0.7695692858822718
chr2	40232601	40238627	0.8197458563276672
chr2	43660472	43666500	0.8512464655370195
chr2	45059560	45065587	0.6778494845641032
chr2	45075745	45081776	0.6459480581824979
chr2	49008028	49011614	0.681151982000003
chr2	49638748	49640033	0.5953069606179857
chr2	51850732	51854024	0.6990538559163123
chr2	56436027	56438980	0.889810470799208
chr2	56439364	56441692	1.0
chr2	57418711	57424719	0.7111712142045175
chr2	58381543	58387566	0.805086245144558
chr2	59556386	59559164	0.6469993605553169
chr2	59831571	59832687	0.7165908601442118
chr2	60083663	60089694	0.6672434670042386
chr2	60141192	60147223	0.6961695295901387
chr2	60928171	60929829	0.6760245499766203
chr2	62835479	62841498	0.7887051285753219
chr2	66177171	66183202	0.6206152133780755
chr2	66391131	66397150	0.6906017392123545
chr2	66718568	66719749	0.5586685310673855
chr2	70429535	70431166	0.8516400941378642
chr2	72063976	72069997	0.7989110289331173
chr2	72701921	72703974	0.6416139203152397
chr2	72703966	72705447	0.8080397051464135
chr2	73480077	73486099	0.7358281089823939
chr2	76775759	76781758	0.5704066621001208
chr2	76795805	76796833	0.7857068458767716
chr2	76796818	76801677	0.6398234106858605
chr2	77646856	77648332	0.5937873679528715
chr2	77753773	77759778	0.8102283699327861
chr2	81351097	81352452	0.6965848835192043
chr2	83088805	83094831	0.8268904071716848
chr2	83768303	83774332	0.7646782978185416
chr2	85483051	85485145	0.7657368092264312
chr2	87123203	87124578	1.0
chr2	87699015	87700361	1.0
chr2	91921174	91927204	0.9146377630033182
chr2	91968762	91971877	0.750165723664149
chr2	94496018	94499162	0.9688647371605509
chr2	95821038	95823546	0.6901202662244588
chr2	97170275	97171713	0.837006703139507
chr2	97174545	97176908	0.8039572513189869
chr2	97176909	97178836	0.7485609152076099
chr2	98594396	98595408	0.8174930233729215
chr2	101748669	101750658	0.8957018254689082
chr2	106130893	106136925	0.949674537234182
chr2	106900813	106902302	0.7249186699465667
chr2	108800609	108802985	0.8164220040628067
chr2	109307423	109309333	0.8329328837194993
chr2	116048942	116054967	0.7585967034741021
chr2	117156035	117162051	0.8029838253327823
chr2	117459105	117462264	0.5250151043976393
chr2	117525396	117530328	0.6458814520228712
chr2	117749660	117752127	0.45515775957182925
chr2	118137001	118143020	0.6629619350866764
chr2	118486472	118487949	0.6658909069418342
chr2	118895762	118901792	0.7849062634760775
chr2	118999566	119001635	0.5923909269248073
chr2	122012674	122018708	0.713821561458216
chr2	122265082	122266112	0.6992752447869014
chr2	122345968	122348628	0.7128262017678497
chr2	122348938	122352314	0.8846271409878234
chr2	123704859	123706022	0.7098317799236071
chr2	124139776	124145807	0.7380021703201747
chr2	124356307	124362334	0.6858081418779214
chr2	124407871	124413893	0.7104192059895993
chr2	124593140	124599168	0.7867811231920432
chr2	128858985	128865016	0.7633670905997548
chr2	131693368	131695869	0.8058193674041847
chr2	131814245	131815268	0.6749729144095341
chr2	132565400	132566447	0.6606714394167706
chr2	133465008	133471038	0.7610546414807915
chr2	133546866	133552758	0.6588352049870715
chr2	133910481	133916504	0.7713122027628488
chr2	134650509	134656574	0.7770385506309614
chr2	134825452	134831458	0.7266976657329088
chr2	137393161	137399190	0.7161516831403318
chr2	141043858	141045432	0.8456168948770932
chr2	141963401	141965755	0.7166310080989019
chr2	142607780	142613812	0.8222572173162386
chr2	143006043	143012076	0.8215632805751144
chr2	143661563	143667611	0.8062519165659079
chr2	144897599	144903603	0.9246512007139885
chr2	146405742	146411341	0.8288379905179244
chr2	147727005	147733028	0.6719373699399832
chr2	148148941	148154956	0.6798092975696062
chr2	149850458	149856466	0.7159111750493118
chr2	149945266	149951292	0.7132692853260231
chr2	151698869	151704889	0.8313398329591429
chr2	153397922	153403952	0.6441931634374589
chr2	153538409	153539848	0.541189735593524
chr2	153719448	153725466	0.7495238873333333
chr2	153864595	153866324	0.5900379958147255
chr2	154954645	154958535	0.7135220839615652
chr2	154988667	154989850	0.5882351269484171
chr2	155191285	155192449	0.7227931030837121
chr2	155443837	155446550	0.6094780684484137
chr2	155965888	155971915	0.7592612570428287
chr2	156254519	156260532	0.7817300113449439
chr2	157368536	157374566	0.7128495479112532
chr2	157515144	157521173	0.6798594149354538
chr2	157546818	157548031	0.49616833197018967
chr2	158351232	158357242	0.644971941711502
chr2	158522618	158528649	0.7555632510008928
chr2	160712847	160714310	0.6340212285396422
chr2	160850733	160856748	0.6817126621827422
chr2	165485935	165491963	0.8045739379736787
chr2	165731664	165737694	0.8034209314171552
chr2	166099141	166101522	0.5444713541060523
chr2	166309494	166311259	0.7286265463734484
chr2	166502502	166504134	0.6918852042885466
chr2	167081947	167087967	0.7206747959519542
chr2	167215941	167217295	0.6516816244079584
chr2	167441880	167447993	0.871276167173072
chr2	173699376	173705410	0.8223545389693819
chr2	174269466	174274467	0.7872256482921275
chr2	174404459	174410482	0.8512108499262688
chr2	175588547	175594563	0.6718790037755636
chr2	175700384	175703087	0.6915742552064323
chr2	175703158	175704878	0.8001460453798604
chr2	179734821	179736039	0.7081586980858852
chr2	182025226	182031239	0.7431834079117293
chr2	185419435	185425462	0.7311018283477525
chr2	185585888	185591908	0.7762170889448882
chr2	185766127	185767330	0.4690579096674424
chr2	185841721	185847756	0.6307716023260241
chr2	185864598	185870656	0.6432488163012152
chr2	186401718	186402968	0.5095533246040345
chr2	186952721	186953796	0.580351234480392
chr2	189026778	189030101	0.7590061081813205
chr2	191761850	191767876	0.8845817031507913
chr2	192268436	192274450	0.7982431492478023
chr2	193820505	193822346	0.5787490223297148
chr2	195067522	195073543	0.6144155029580554
chr2	196521489	196527500	0.805729247651439
chr2	197634736	197640761	0.6482870172464996
chr2	197687547	197693561	0.6159165089297699
chr2	198581977	198586261	0.7044093734076043
chr2	204991073	204997106	0.8430578794009883
chr2	206908036	206914052	0.818968199371816
chr2	208811622	208817648	0.5514996732341192
chr2	208894675	208900079	0.6271963600254706
chr2	209128530	209134554	0.6098843489538183
chr2	209746181	209752208	0.8257267449415203
chr2	211219321	211225344	0.8288686083072788
chr2	211888537	211894571	0.827192615450212
chr2	214683797	214689805	0.7884467484233542
chr2	219931819	219937838	0.9010204422975396
chr2	221984563	221990586	0.8196912186936351
chr2	222149602	222155632	0.8229241245010048
chr2	225851411	225852544	0.7591326374031229
chr2	225852863	225854308	1.0
chr2	225854606	225856053	1.0
chr2	225874120	225875127	0.5779247937396598
chr2	226574246	226575312	0.7939598414956069
chr2	228419988	228426024	0.7631338468800324
chr2	228568258	228574281	0.6974672601125953
chr2	228755694	228761717	0.7442246278258984
chr2	228853691	228855929	0.608155243478256
chr2	232176807	232181609	0.6914310598570282
chr2	234888390	234894419	0.8496006212669696
chr2	236383667	236389689	0.793469079633125
chr2	237187655	237189439	0.8034028044062345
chr20	129965	135977	0.8325599130238021
chr20	161119	163048	0.7465434015075304
chr20	1742270	1745033	0.9127343085254542
chr20	4386533	4388491	0.8011883803176199
chr20	6189259	6193082	0.8979446376935788
chr20	6315822	6321844	0.8873478114215912
chr20	8595102	8601127	0.8672410888108523
chr20	9858429	9861663	0.714463331685364
chr20	12582508	12588531	0.6651200974737709
chr20	12633977	12635948	0.6242770144545668
chr20	18601524	18606939	0.715978312355217
chr20	21887656	21893685	0.7037464272947774
chr20	21910854	21916881	0.6250037414862291
chr20	23262090	23263449	0.6589164608888015
chr20	23589309	23595311	0.7397404363836678
chr20	24900606	24906618	0.7660863334071375
chr20	26233678	26239735	0.802954219024324
chr20	26246464	26247556	0.4815106220516093
chr20	26301088	26303218	0.7975695744366713
chr20	26303218	26304782	0.8009844667771283
chr20	26340947	26342470	0.756110061256023
chr20	28776316	28779757	0.6395834198400525
chr20	29525907	29531926	0.8876875312692069
chr20	30155339	30156789	0.7987940023685324
chr20	39368229	39373484	0.8390111913736529
chr20	39740312	39742226	0.6703559473203641
chr20	39802658	39806397	0.7276480395100786
chr20	39977783	39979577	0.6399782613966377
chr20	41785227	41786251	0.7101802084362134
chr20	42206270	42212317	0.8773453342166893
chr20	42614938	42620967	0.8532579386498546
chr20	43814462	43820491	0.899737075950294
chr20	53472645	53478653	0.6791789383121292
chr20	53503852	53509874	0.7208306937524381
chr20	60514077	60515659	0.8719316245104962
chr20	60615705	60618919	0.8717434822993763
chr21	9333722	9339873	1.0
chr21	10167979	10169386	1.0
chr21	12997133	12999618	0.9220471274264888
chr21	13146087	13147831	1.0
chr21	13147831	13149797	1.0
chr21	13414809	13417909	0.763919069973322
chr21	14927083	14933113	0.7814014493715502
chr21	17327483	17333500	0.6958406545185896
chr21	17376039	17381930	0.6524356642019928
chr21	19071742	19075923	0.7841515628894075
chr21	20076421	20077762	0.6477824830457757
chr21	25918368	25924392	0.9646498905413059
chr21	27575812	27578236	0.759906298937773
chr21	29420100	29421296	0.8785313015000079
chr21	29421291	29422545	0.9797695195991581
chr21	32219176	32221599	1.0
chr21	32222963	32226293	0.9036464145972867
chr21	33925607	33931606	0.9817498882673263
chr21	35493767	35499791	0.9217342160224593
chr21	40022875	40028842	0.675768666389713
chr21	40033162	40039180	0.6023754458263864
chr21	40915786	40917867	0.8059191386439605
chr22	11959382	11965528	0.8328033688519144
chr22	12376926	12378169	0.8941740501584031
chr22	15980064	15986114	0.986191672931156
chr22	16021018	16027044	0.7998560656544993
chr22	16183719	16189738	0.9100843013027751
chr22	31010787	31012515	0.9931678976173755
chr22	32294666	32300684	0.9240588134883708
chr22	34677369	34683400	0.7977321647210138
chr22_KI270738v1_random	89139	91552	0.9388212985731584
chr22_KI270738v1_random	93801	95785	0.9893842893800918
chr22_KI270739v1_random	35954	37185	nan
chr22_KI270739v1_random	38403	42470	1.0
chr3	1387561	1393571	0.7777445884021204
chr3	3671333	3672797	0.6196289376808646
chr3	3672796	3674542	0.7474003669732215
chr3	3719387	3725382	0.7215309546926402
chr3	4253249	4259276	0.6661498430595284
chr3	6484912	6490929	0.7413592812714633
chr3	6546608	6547970	0.6806153541269456
chr3	12028022	12033291	0.8838228043025476
chr3	18930483	18936506	0.6554606367083814
chr3	18957807	18963833	0.5615159006606394
chr3	19097369	19103347	0.6509740490824054
chr3	19370611	19376625	0.6729398524350886
chr3	19855049	19861075	0.7610672619388668
chr3	21249725	21255755	0.7874631894563956
chr3	21983140	21989177	0.6961963759741089
chr3	22801379	22807403	0.6999727852103285
chr3	24089459	24095491	0.7467824189996524
chr3	26384736	26390767	0.561958156132895
chr3	28493151	28494532	0.6408245107732243
chr3	30244540	30245658	0.6745894379074117
chr3	30412412	30414283	0.6781652070888537
chr3	34413127	34419172	0.7578262479173141
chr3	35818654	35824692	0.8286649713100839
chr3	36104184	36105577	0.5338135003744058
chr3	36238313	36239607	0.6468234168138165
chr3	39585083	39586434	0.5174126708004583
chr3	43064775	43070790	0.8613670524256974
chr3	43565823	43571847	0.738426226140051
chr3	53365277	53371325	0.8366015534552317
chr3	53921748	53927805	0.8893780449063327
chr3	55046105	55052129	0.7582609016274698
chr3	55136330	55142351	0.788977667302779
chr3	58816279	58821556	0.5426214968636336
chr3	58842155	58848179	0.49339333121777385
chr3	62847282	62852331	0.7705537742954928
chr3	63136269	63142301	0.6581309513443345
chr3	63153079	63155842	0.45642485337718175
chr3	63211709	63217714	0.6781418994561178
chr3	63589477	63591930	0.7083077289980886
chr3	65509293	65515316	0.8417400974650127
chr3	65696872	65699890	0.7388601407774084
chr3	74969740	74971284	0.6008799340711047
chr3	75091960	75098014	0.6776334721094159
chr3	75273454	75279470	0.7821294942751844
chr3	80891647	80897665	0.7135486946663773
chr3	81051390	81057413	0.7404008337811301
chr3	82333149	82337336	0.6889447490269852
chr3	85289931	85295940	0.8327307022437218
chr3	85942334	85943599	0.790390838087783
chr3	86017883	86019903	0.7065585744557994
chr3	86019896	86020992	0.7036671214295129
chr3	87481443	87482820	0.708478069210191
chr3	88503102	88509122	0.7805313374545123
chr3	88869834	88875863	0.7504520343375017
chr3	89345616	89351640	0.6780315827464519
chr3	89869045	89875069	0.4212230286483033
chr3	89957834	89963855	0.5351596787921723
chr3	90307078	90312451	0.7298060951010156
chr3	90382471	90388451	0.7650458671304644
chr3	90543136	90544687	0.492579098826912
chr3	91392785	91393998	0.8368678629690048
chr3	91393998	91395338	0.8991805982233873
chr3	93747821	93749366	0.6475437561285149
chr3	93749363	93750946	0.650988281938729
chr3	94238666	94240460	0.6581309810862228
chr3	94745470	94751496	0.7348052204432783
chr3	95802513	95804182	0.5982880923046617
chr3	95804177	95805987	0.728054635136167
chr3	97598265	97600509	0.6809927804478958
chr3	97641428	97645082	0.8844877062564217
chr3	98465902	98468011	0.6705774845755909
chr3	102215454	102217728	0.7164132677365943
chr3	103220449	103226476	0.7180318858242566
chr3	103232778	103233953	0.6898598440149997
chr3	103234263	103237339	0.6573544638296162
chr3	106665294	106671324	0.7454134455418707
chr3	106975445	106981476	0.7262926356765963
chr3	108257681	108263696	0.7563244347519027
chr3	110440087	110446113	0.738038378331901
chr3	111018717	111024745	0.7091548255272081
chr3	111556204	111562234	0.7145824049315204
chr3	116203399	116209426	0.8065326246100403
chr3	118914244	118920271	0.6751995797862849
chr3	119001471	119007490	0.6207590149197196
chr3	120372616	120378640	0.7827387230685983
chr3	120950637	120952206	0.5659936073101426
chr3	121032458	121033584	0.4740796255917151
chr3	122041912	122047938	0.7355184581607248
chr3	125936639	125942696	0.8267993807071772
chr3	126331605	126337586	0.7274841684159816
chr3	127433363	127435454	0.8440682472993403
chr3	130910130	130911599	0.8445326229436938
chr3	130911600	130913256	0.5194247586715625
chr3	132371233	132377261	0.7884490226148847
chr3	132760657	132766652	0.683789460484041
chr3	135252215	135258230	0.6656430095607602
chr3	135281802	135282894	0.5784614426749093
chr3	135282896	135284776	0.5972844401097044
chr3	135400734	135401779	0.7373056840098076
chr3	135584726	135590755	0.6638527223968569
chr3	135658604	135664636	0.6675241982826188
chr3	137633715	137639732	0.6593226758134471
chr3	139067107	139068357	0.6655624652862548
chr3	139332940	139336780	0.7127363362039129
chr3	141757130	141763153	0.8016003404129943
chr3	142392328	142393644	0.7045466116315325
chr3	145927779	145933791	0.7298017935638338
chr3	146732761	146736361	0.7185424457490445
chr3	151241773	151247772	0.8823859074859826
chr3	153235757	153241782	0.781326361597842
chr3	153506404	153512405	0.6963416260596986
chr3	155119417	155125444	0.6882869506426449
chr3	155438209	155440467	0.5064758769624782
chr3	155469063	155475088	0.654327533224967
chr3	155506352	155512216	0.6692989574671618
chr3	155929343	155930688	0.7634852242735682
chr3	156278974	156284990	0.8317839382810795
chr3	157724698	157730723	0.6928242489510057
chr3	158634524	158640540	0.6194604366393561
chr3	159056002	159057030	0.5253641123553658
chr3	160973878	160977113	0.5999766671201259
chr3	162379054	162381945	0.5829289242785021
chr3	162405867	162411893	0.7770886593499863
chr3	163470844	163472068	0.5658623182695676
chr3	163634382	163636116	0.5691582611756616
chr3	166228041	166232462	0.6336118512683444
chr3	168011033	168017055	0.8340237057513867
chr3	168770217	168772350	0.5447540626355979
chr3	169679488	169685517	0.8311982367698738
chr3	170878557	170884584	0.7518634368944112
chr3	174259686	174265694	0.9216475867518731
chr3	175320701	175323501	0.6502267223383699
chr3	175435852	175437183	0.6315374004939371
chr3	175781711	175787737	0.8303084720755747
chr3	177388771	177394751	0.8474152191825535
chr3	178781790	178784016	0.6766799650852036
chr3	178859949	178865979	0.7228405165632763
chr3	181151331	181152500	0.7136353338957853
chr3	182426093	182432110	0.9362138293600566
chr3	183739148	183740418	0.9561242099822037
chr3	187412124	187418152	0.7133952653940829
chr3	187862481	187868516	0.6953755233904446
chr3	187890221	187896214	0.7408085487986509
chr3	189006941	189008059	0.6089530533882714
chr3	191042166	191044566	0.7396120029428731
chr3	192149316	192155328	0.9019775463197521
chr3	192739214	192745242	0.8034154271416739
chr3	195087673	195093677	0.9268132815847391
chr3	195214894	195219309	0.9166088964025604
chr3_GL000221v1_random	65217	71368	0.9487179487179487
chr4	4953898	4959919	0.8370201806257065
chr4	5271408	5272595	0.5530659152664049
chr4	5272593	5274004	0.587575172592274
chr4	5438602	5444628	0.6691256655537917
chr4	5726571	5728569	0.7542356970431926
chr4	10775394	10781420	0.6856948806716561
chr4	10824427	10829322	0.747483588806407
chr4	11015295	11017522	0.5551180152760314
chr4	11060916	11066938	0.6053698917672072
chr4	11168171	11171814	0.5662388588592827
chr4	11235218	11241254	0.6242558356083306
chr4	11378741	11384770	0.6762839796697517
chr4	12343024	12347054	0.5763350255010086
chr4	12508828	12511134	0.7127330910094593
chr4	14009455	14015486	0.7671787804826439
chr4	14480752	14486827	0.739145466084343
chr4	14660297	14666326	0.6593835647870582
chr4	15278667	15284652	0.723604755084915
chr4	18135185	18136762	0.6215209126018918
chr4	18175298	18176542	0.627972433660958
chr4	18176545	18177632	0.6342894864324249
chr4	19334654	19337576	0.6239927692375796
chr4	19948965	19950304	0.6487338129845549
chr4	19950304	19951798	0.7512567078412936
chr4	22146428	22152457	0.7515344506750298
chr4	27070204	27076264	0.7331254968253693
chr4	27375688	27381719	0.7895952658438995
chr4	31966769	31967830	0.7372901493035657
chr4	32360576	32366580	0.8911252437502166
chr4	35605503	35606907	0.809977849494358
chr4	37104395	37105653	0.7290639413464429
chr4	39296252	39297604	0.8483190830995345
chr4	42982056	42983677	0.6873888297628136
chr4	43185059	43186147	0.49276678981807304
chr4	43287023	43289836	0.5813983682843659
chr4	44974954	44976133	0.7493704880708572
chr4	44976128	44977412	0.7506014615575843
chr4	45824057	45825232	0.5877012020476321
chr4	53328732	53334762	0.6341505172532084
chr4	53877117	53883135	0.6837655369616634
chr4	54921972	54923931	0.7658652333412443
chr4	55057737	55059591	0.7222014164075883
chr4	55059590	55061790	0.5481370290910655
chr4	55619154	55625181	0.7375386338904112
chr4	57643582	57645434	0.5247028593384293
chr4	58229262	58231055	0.620725967135432
chr4	58927369	58928629	0.6863013414636491
chr4	58928628	58931095	0.6788630703223297
chr4	59301002	59303250	0.7006472186897997
chr4	59303235	59305001	0.6128698700821683
chr4	60591249	60592595	0.5513942071179933
chr4	63532522	63538553	0.7401614488505385
chr4	64838309	64840289	0.4884072497637585
chr4	64859154	64865171	0.6263703160137756
chr4	65176612	65182643	0.6515676202494951
chr4	65200017	65201254	0.5597238549322685
chr4	65288238	65294261	0.7093416742761527
chr4	65993300	65999302	0.7543795916268287
chr4	66495167	66496408	0.6695004161282185
chr4	67177043	67183058	0.6792184531044584
chr4	67888015	67889399	0.6218002832607726
chr4	67967415	67973442	0.7280606724876896
chr4	68194059	68196319	0.9216105468768989
chr4	68196170	68200204	0.5121904242673018
chr4	68200199	68203095	0.4557433022728449
chr4	68509805	68515820	0.7865387876630325
chr4	75126806	75132838	0.651840668557019
chr4	75270580	75276607	0.7017873225074434
chr4	75387766	75391597	0.7880438448118808
chr4	75401195	75407226	0.6958700301012299
chr4	75442537	75448552	0.5554595190687964
chr4	76828247	76829876	0.7888222499227436
chr4	79220697	79222324	0.8221336712336057
chr4	79222323	79223658	0.5790998937038893
chr4	79268705	79270284	0.5650319476305796
chr4	79270281	79271447	0.7120788013035396
chr4	84073473	84078520	0.669851722399033
chr4	84126786	84132814	0.7114401671194261
chr4	84298781	84304810	0.7232734450140804
chr4	86070391	86076419	0.7130841813937038
chr4	86251146	86254837	0.5388533244834492
chr4	87710374	87716399	0.7513443528448982
chr4	90748039	90749665	0.600263394369557
chr4	91137747	91138882	0.6139861528568856
chr4	91786027	91792049	0.7178907071567183
chr4	95591963	95593653	0.6933383888041479
chr4	95914760	95920788	0.7445728069777109
chr4	96869182	96872786	0.6430004464832447
chr4	97849287	97850297	0.672883007727047
chr4	98320499	98325931	0.7195186137341084
chr4	98413222	98415069	0.5997572708723671
chr4	99348131	99349375	0.6113143825358517
chr4	100000525	100006553	0.715930992045792
chr4	101405668	101411695	0.8423001707694697
chr4	102204931	102210958	0.7826639531569926
chr4	102220685	102221719	0.5789660399264478
chr4	103250266	103256290	0.7348327030184101
chr4	103816974	103818364	0.5418178382537348
chr4	104687025	104692901	0.7537423262513357
chr4	104786989	104793014	0.73363970219347
chr4	105307237	105313391	0.8020979752101254
chr4	105985170	105987114	0.6590898093846252
chr4	106119955	106121104	0.9691902806802456
chr4	106121099	106125014	0.6696497815778886
chr4	106638223	106639953	0.5570423429067424
chr4	106639947	106641438	0.4994108919166703
chr4	106935104	106941147	0.7157657756900898
chr4	110405850	110409694	0.7083366077536722
chr4	110409694	110411445	0.8509166741085216
chr4	110870810	110876821	0.6948151531621672
chr4	111336944	111342946	0.6459347985227889
chr4	111458040	111461730	0.5574022844877993
chr4	111965553	111967526	0.6442038050413252
chr4	112086464	112092501	0.7468805966181287
chr4	113489139	113495167	0.8263066030134012
chr4	116686380	116687950	0.6804389167743125
chr4	119274114	119280127	0.69772177412251
chr4	120250736	120256048	0.5494505494505495
chr4	120643200	120645596	0.6767478149402918
chr4	120645592	120648485	0.8281455089631395
chr4	124406074	124407280	0.3611115312101829
chr4	126928256	126934284	0.644290886735315
chr4	127020569	127026555	0.6816993217194633
chr4	127588931	127594962	0.6743687949179021
chr4	127650221	127656245	0.5822246672602922
chr4	128213790	128219796	0.7828090061908894
chr4	129295361	129298327	0.6006858528102481
chr4	129962070	129963332	0.6570655308699268
chr4	129963327	129965685	0.6859024385261359
chr4	132484223	132486115	0.6474965393669257
chr4	132631287	132637304	0.8004972741555113
chr4	132944446	132950433	0.887605448182803
chr4	133733943	133739952	0.8387362536720778
chr4	133786662	133788096	0.667314090821866
chr4	137496279	137502288	0.8773709874637989
chr4	139428172	139430321	0.8979088298980058
chr4	140413343	140419363	0.7191259903270145
chr4	141068389	141070073	0.7063097223790006
chr4	141070072	141071392	0.622786223482002
chr4	141877347	141883376	0.7042180407717564
chr4	142915094	142916366	0.6559301279250931
chr4	143100260	143106289	0.6884175818492034
chr4	144012451	144013927	0.8378373278673426
chr4	145369389	145375369	0.6444729772897867
chr4	146350019	146356052	0.7527439998531551
chr4	147449525	147451212	0.6951539184330622
chr4	147451205	147453462	0.5942804049467344
chr4	148317875	148323904	0.873526605193068
chr4	148765411	148766957	0.686402003330216
chr4	148766956	148768725	0.7740585115280713
chr4	152139244	152140462	0.7121094370318947
chr4	155281850	155286433	0.8754577581575025
chr4	156284541	156290599	0.8390333737131332
chr4	157496399	157497660	0.7601109514815008
chr4	158084241	158090272	0.7165570305523754
chr4	158473275	158476169	0.6375369091672222
chr4	160574033	160580085	0.7294918427542985
chr4	161636462	161638509	0.6100004841248233
chr4	161973831	161975754	0.7398470956338177
chr4	163632233	163638253	0.7653174746982955
chr4	164100749	164106778	0.6167604442772966
chr4	164241614	164247620	0.7013508151274312
chr4	164350750	164356776	0.6481492010498636
chr4	164553493	164559523	0.6685811723791715
chr4	166463313	166469345	0.6645046638944064
chr4	166554500	166555649	0.6656125617400784
chr4	167276136	167282161	0.6757727375255634
chr4	168441990	168448038	0.8662962568776001
chr4	170355935	170364005	0.7589991690574821
chr4	170782981	170789002	0.7307504897417766
chr4	172178656	172179815	0.7359699052248256
chr4	174778463	174784478	0.8395633232960181
chr4	174858532	174859873	0.7606351079556766
chr4	175205934	175208165	0.8391408624802935
chr4	178858555	178862727	0.8099088675252315
chr4	181408890	181414915	0.8862521198174472
chr4	182779058	182785080	0.9228125045857288
chr4	186110394	186116420	0.8919350745667487
chr4	188558270	188564287	0.907660661632087
chr4_KI270788v1_alt	92682	97993	0.845320959010054
chr5	4496347	4502372	0.7933786938260879
chr5	4615429	4621437	0.8477581563526277
chr5	6966279	6967323	0.8105103946736946
chr5	6967313	6971675	0.6808848160497096
chr5	7193770	7199795	0.6107106290661726
chr5	8273568	8274791	0.6577834574686925
chr5	12252507	12254453	0.826428243949749
chr5	16335411	16341440	0.8335217478501102
chr5	19161337	19167360	0.8493426160677128
chr5	21107413	21113430	0.8525911576529566
chr5	25113738	25119754	0.7038100307302594
chr5	25378530	25384556	0.8216835748439396
chr5	27209239	27210764	0.6252642648337318
chr5	28196154	28200113	0.7895235130208164
chr5	28502053	28503879	0.6642126398567041
chr5	28503877	28504954	0.7787572303743637
chr5	28798791	28804814	0.7267671532554126
chr5	28843003	28844387	0.5731431987416538
chr5	29186604	29191259	nan
chr5	29489013	29490321	0.6719210311451455
chr5	29876925	29878531	0.6895410553975538
chr5	30013249	30014348	0.7536205799607822
chr5	30817970	30823996	0.8513423489247488
chr5	30859805	30860895	0.7528261782926157
chr5	32911581	32912637	0.5561064525196949
chr5	33122371	33128395	0.6663968146322258
chr5	39787653	39793671	0.7838878153183446
chr5	40541306	40547335	0.7546039805944704
chr5	41235078	41236411	0.580347485544086
chr5	41236406	41238431	0.596423837961974
chr5	42734715	42740780	0.6980766792409279
chr5	43340770	43344359	0.836242019582107
chr5	43344354	43345904	0.654798255928101
chr5	43717954	43723974	0.6681853635891064
chr5	45658441	45664470	0.5629479429440665
chr5	46030528	46031795	0.5820514857533793
chr5	46313457	46318375	0.7378983609484385
chr5	46385245	46389231	0.8814598673008425
chr5	47102698	47103744	1.0
chr5	47103746	47104825	0.7142857142857143
chr5	51250747	51256770	0.6974245280833927
chr5	51330783	51335996	0.6452044727748534
chr5	52088228	52092569	0.6429967911730845
chr5	52246716	52250302	0.5626883456077508
chr5	53279691	53281605	0.6833463190678145
chr5	54181783	54183616	0.6361762144106434
chr5	57351497	57357526	0.8244938615764207
chr5	57471564	57475609	0.6630254940841588
chr5	58552270	58558283	0.6910077989170799
chr5	62798975	62804997	0.6178930202855972
chr5	62817293	62823372	0.5672439163615222
chr5	63942607	63944370	0.6368035625072616
chr5	64129092	64135124	0.6356362565877584
chr5	64358645	64360256	0.6337640801621549
chr5	64709035	64715065	0.7430582040477965
chr5	65164018	65170048	0.7349380454467853
chr5	67736898	67742931	0.6774012449812024
chr5	67889605	67895628	0.660579554898664
chr5	68007802	68009890	0.5100465841391534
chr5	71604581	71610593	0.7947067002159656
chr5	71851116	71854174	0.6941027690804495
chr5	75642236	75648286	0.5953323035881299
chr5	76231437	76233920	0.5851221367374717
chr5	78452186	78458210	0.7590799636812324
chr5	78866806	78872828	0.6593309957614495
chr5	82429401	82435423	0.6744947650431795
chr5	83262843	83263988	0.6418868591691729
chr5	83316288	83320401	0.6885642825962996
chr5	83457800	83463817	0.8091009116684523
chr5	83793612	83799642	0.7865737377114557
chr5	84471358	84472459	0.7168303326408393
chr5	85657594	85663641	0.753272547709246
chr5	88052331	88058345	0.8095689389929001
chr5	90073230	90079236	0.6276297951852168
chr5	90208336	90214368	0.729932653986965
chr5	90923631	90929658	0.7471769366747747
chr5	92193474	92199495	0.7947277222203116
chr5	92296969	92302985	0.7340660799996725
chr5	93213146	93219176	0.6669160527684436
chr5	96731502	96732656	0.7572260610565569
chr5	97513924	97519943	0.6703503673232514
chr5	97631442	97633523	0.5047976862977526
chr5	97809922	97815940	0.6237599325063221
chr5	99690857	99693058	0.5507431736809186
chr5	99855983	99861195	0.7060287243565824
chr5	99896364	99898820	0.6208005100003283
chr5	100572251	100573484	0.6212193129126463
chr5	101108450	101112425	0.6040006096258104
chr5	101180131	101186147	0.7202564647183215
chr5	101302510	101304346	0.5320890097836264
chr5	102207230	102209569	0.5598891609343977
chr5	102671230	102677260	0.7660346286213813
chr5	102907254	102908479	0.6858903588567461
chr5	103046753	103052769	0.8110165803153584
chr5	103998005	103999507	0.6735067179453833
chr5	104074363	104080381	0.8508445373818343
chr5	104357655	104359591	0.8108008696643774
chr5	104446376	104452406	0.7235071679391909
chr5	106425383	106431381	0.7937806217958229
chr5	106693723	106695238	0.6594598957807711
chr5	106695233	106696735	0.7496208743391913
chr5	106713867	106719888	0.6985154566010888
chr5	110774614	110778728	0.6333528279272977
chr5	114230284	114231517	0.6987935110310278
chr5	115410307	115413718	0.6486021560226078
chr5	117527599	117533625	0.7725357582495296
chr5	118109625	118110891	0.7092017783749537
chr5	118177111	118178154	0.6937169350347948
chr5	121411029	121412966	0.4440642675297372
chr5	121951724	121953177	0.46257550063743647
chr5	121994960	121998676	0.6016692061566691
chr5	122377545	122383563	0.6693958913558898
chr5	123236612	123242616	0.7743706257766502
chr5	123930155	123933974	0.7771764497630024
chr5	125359001	125365032	nan
chr5	125617117	125618276	0.4852375838651649
chr5	125618275	125619362	0.33901998652924936
chr5	125675850	125676964	0.6642329628634496
chr5	127733932	127739952	0.667668192692705
chr5	127879131	127880614	0.6811666937189494
chr5	128604798	128607555	0.697112944037922
chr5	130264312	130267583	0.651209694936129
chr5	130732095	130738109	0.6395667438040075
chr5	131073209	131074289	0.5216710672334388
chr5	132513965	132519996	0.7782931820112687
chr5	135982497	135985133	0.907412749682645
chr5	136782800	136788829	0.734357158072771
chr5	137044643	137050656	0.713709159518327
chr5	137499508	137500597	0.7534743465886847
chr5	139005455	139011486	0.9158151221698324
chr5	144713277	144718081	0.5851352978358162
chr5	144890914	144892979	0.408592010583485
chr5	145149737	145153261	0.5306876158166284
chr5	145418733	145424748	0.7029191001246398
chr5	145447471	145448515	0.5370109416401706
chr5	147011530	147012954	0.9251918749193128
chr5	147012947	147014882	0.7111020080186908
chr5	147715846	147721872	0.8037823400662026
chr5	148252102	148254217	0.559119021385274
chr5	148942274	148948290	0.7919772138343529
chr5	152207301	152213333	0.640443469839207
chr5	152340021	152346052	0.646584658248372
chr5	152653966	152659898	0.6161776166812198
chr5	152740937	152746968	0.6216707098070928
chr5	152939784	152941000	0.3810491294256951
chr5	153325327	153331330	0.6728649208709714
chr5	155657062	155661521	0.721727880535438
chr5	159036237	159037817	0.877561653414859
chr5	160873525	160879549	0.7671816726307945
chr5	161606051	161612084	0.8257135511971677
chr5	162030926	162036952	0.8370297223458131
chr5	166145692	166147235	0.7606580808266216
chr5	168144180	168146211	0.8517766631571076
chr5	170239777	170245795	0.8602142927059504
chr5	171083964	171089973	0.7125740591029989
chr5	174013749	174015412	0.8422119774090119
chr5	174015712	174017620	0.8986764877597241
chr5	174017935	174020411	0.9682995537371165
chr5	175397770	175403801	0.8363905157779623
chr5	176276447	176282584	0.8549593523041725
chr5	180902522	180908537	0.8346609466565855
chr5_GL000208v1_random	24902	25949	0.9797810263711152
chr5_GL000208v1_random	25951	27029	0.9596114519427402
chr5_GL000208v1_random	29881	35902	0.8318133056708258
chr5_GL000208v1_random	57443	63461	0.7827403254910231
chr5_GL339449v2_alt	1603066	1609078	nan
chr5_GL383531v1_alt	9975	15994	0.9657807415970595
chr5_GL949742v1_alt	158987	163642	nan
chr5_KI270796v1_alt	79536	85567	nan
chr5_KI270897v1_alt	1134556	1140568	nan
chr6	63847	64896	1.0
chr6	64899	66698	1.0
chr6	4193525	4194592	0.6068133976600275
chr6	5886160	5891926	0.742024029078691
chr6	8566562	8568170	0.7531779662738392
chr6	8770472	8776512	0.8376461808328275
chr6	9966045	9972049	0.8255881869062275
chr6	20614781	20616706	0.7558101810418166
chr6	22174841	22180874	0.7956938448129889
chr6	26756705	26757958	0.7791033258691699
chr6	35827345	35828942	0.977478961610167
chr6	39454558	39460534	0.8389969716607039
chr6	41128565	41131028	0.8037451618917403
chr6	42285742	42287305	0.955214332176643
chr6	44870635	44876665	0.5118959765034924
chr6	45062448	45068476	0.6950272337185387
chr6	45669376	45675401	0.8107549060924419
chr6	46212227	46213679	0.6581168077044579
chr6	52771228	52777614	0.8806899045650913
chr6	55363437	55369467	0.6954983081489455
chr6	60861215	60863619	0.5528415762253119
chr6	61206361	61207843	0.5639762663447101
chr6	62062025	62065796	0.6288643147440659
chr6	62532206	62533785	0.5106968153421452
chr6	64389761	64395796	0.7662117982562554
chr6	65256269	65257747	0.6280734262382549
chr6	67619769	67620936	0.720030880832427
chr6	67879824	67880939	0.6837114715255429
chr6	69439540	69445568	0.737189223992358
chr6	69495363	69501385	0.7194576897016453
chr6	69515144	69521169	0.6454155444894226
chr6	70756685	70758533	0.6985675549352324
chr6	71141090	71146364	0.6787230788532445
chr6	72570140	72576167	0.70854084671137
chr6	73835383	73841425	0.7267170502424484
chr6	74097013	74099837	0.4720563179377067
chr6	74511468	74513927	0.5969096514789881
chr6	76105619	76111641	0.7107141153513891
chr6	77043865	77045119	0.49173221201227424
chr6	77060945	77062468	0.465258765831169
chr6	77082478	77088496	0.7269901788959713
chr6	77916781	77918991	0.5412845078906322
chr6	77918987	77920418	0.7094279881293418
chr6	78542950	78544084	0.5030552151972655
chr6	79389895	79391345	nan
chr6	80800856	80804099	0.38070219025507485
chr6	81662972	81664357	0.6256088679017573
chr6	81664356	81665673	0.6295745610798982
chr6	82101304	82107312	0.7550700901549919
chr6	82389420	82395425	0.6385983099151312
chr6	82558404	82564423	0.6776437475487607
chr6	83797743	83803770	0.7207939884745895
chr6	84626356	84632366	0.6649007484392466
chr6	85985705	85986769	0.4114955853026612
chr6	86021489	86027515	0.4935582354293881
chr6	86665209	86669252	0.590371186901902
chr6	86806664	86812682	0.5121824900295816
chr6	86897718	86903738	0.6390882942422822
chr6	88448397	88449526	0.6292072339222641
chr6	89225264	89231287	0.8942100507951409
chr6	91047152	91053161	0.8400311526174572
chr6	91208781	91210988	0.7508057392610378
chr6	91870425	91871490	0.7797995402779377
chr6	91871489	91872531	0.7444574572074436
chr6	93631589	93637609	0.7784967809618509
chr6	94824164	94830307	0.5999346482827496
chr6	94942135	94948159	0.7289300033110659
chr6	95666122	95667807	0.6082509773951963
chr6	95758387	95764412	0.7678051012578392
chr6	98416503	98422520	0.7463759035512469
chr6	99823598	99829594	0.6808125897098812
chr6	100196462	100202490	0.6912851979598829
chr6	100354704	100360725	0.7310267526985443
chr6	101213640	101215008	0.6548517503672175
chr6	102169867	102175696	0.7448303082689124
chr6	102722106	102725773	0.726056337437839
chr6	102726055	102727110	0.47917916141980066
chr6	103589392	103592053	0.5963353310209473
chr6	103709032	103715056	0.732871798830599
chr6	103757689	103759058	0.69561707059165
chr6	104452400	104457460	0.604516530709882
chr6	104489394	104495424	0.6188161832586709
chr6	104737316	104743324	0.7824089413731987
chr6	106597695	106598895	0.9494433790445328
chr6	109245219	109251251	0.7921855233570151
chr6	111903000	111909020	0.8633488344393695
chr6	112813022	112819047	0.6395304601815727
chr6	112868992	112872953	0.8055660408183019
chr6	112914366	112920318	0.6873161833292804
chr6	113226488	113232515	0.8000614081762987
chr6	113531118	113537147	0.771564561533755
chr6	114720723	114726752	0.6671040638364316
chr6	114845548	114846636	0.6282981503754854
chr6	114970387	114976401	0.7106612749499343
chr6	115175228	115181228	0.6970782896568035
chr6	115960033	115966060	0.7565371230880044
chr6	116816524	116818252	0.8386278291819272
chr6	116818564	116822872	0.639774789162575
chr6	117244753	117250783	0.62509723605259
chr6	120688740	120694768	0.6832745960791853
chr6	124706844	124712830	0.6666056211083141
chr6	124725697	124731722	0.6895151852555416
chr6	127593293	127599292	0.7926435345081364
chr6	129167161	129173198	0.7548865192359658
chr6	133518706	133522128	0.7290713562211539
chr6	141566106	141572136	0.7765856033835001
chr6	141619176	141620320	0.666800157548824
chr6	141620319	141621981	0.5411090115634399
chr6	141746026	141752036	0.7380279970645112
chr6	141814815	141820842	0.664634329408934
chr6	141916864	141922880	0.6845878091380717
chr6	142422166	142424734	0.6802634268371174
chr6	145072313	145073802	0.7061541363887134
chr6	145503223	145505257	0.6814473947709758
chr6	145663483	145668174	0.6993959701769975
chr6	145852474	145854370	0.8658916212712662
chr6	145854370	145856130	0.6510193696753546
chr6	151931456	151933731	0.7050594319968388
chr6	156361255	156367276	0.6966924700739459
chr6	162838593	162844620	0.8980356221301447
chr6	162989738	162995762	0.873809241437574
chr6	164781961	164787983	0.7561874306605766
chr6	164797599	164798875	0.5465318795095043
chr6	167332443	167334509	0.9196886479681482
chr6	167334509	167335983	0.8639115670966325
chr6_GL383533v1_alt	55567	57017	0.8331922535543087
chr7	393347	394484	0.9279099383056426
chr7	3813111	3815732	0.9106781091733394
chr7	7544202	7547598	0.7622970245284342
chr7	9398758	9404781	0.6746557559827308
chr7	9426889	9427978	0.701292930446271
chr7	9427972	9429899	0.6749992786322347
chr7	10166253	10168426	0.6848876894864409
chr7	11602880	11604038	0.8348500568014352
chr7	13765645	13767081	0.8369859799867221
chr7	13767077	13770018	0.6747045434279249
chr7	13806270	13812292	0.768855705922699
chr7	14647631	14653668	0.7262130706751818
chr7	14704545	14710005	0.7263171455580673
chr7	15547310	15553333	0.8200672962463703
chr7	15940232	15946255	0.8157547034867889
chr7	16216429	16222457	0.801974444224043
chr7	17018033	17019130	0.8787639737672553
chr7	18006725	18007778	0.6878269734206023
chr7	18135302	18138283	0.7672181817678267
chr7	19189042	19195047	0.641274171109799
chr7	19458828	19460182	0.41492001283115965
chr7	19683374	19687327	0.6489048658672197
chr7	19687648	19689425	0.9012218181779698
chr7	23035735	23039855	0.8623490732127023
chr7	23040824	23042732	0.7419208185727741
chr7	24001423	24005385	0.7340391369210729
chr7	24583663	24585404	0.7027812221144754
chr7	25603034	25609049	0.7475195412029352
chr7	25743833	25749863	0.8266748960536116
chr7	29579937	29585963	0.8622442306551947
chr7	30414476	30420503	0.7157896904553573
chr7	30636809	30642830	0.7599128784364054
chr7	32682679	32688715	0.599214632771373
chr7	32697654	32703545	0.7208965803094324
chr7	33168813	33169998	0.7444687151707677
chr7	33169991	33171417	0.6586777265242407
chr7	33521748	33527773	0.8232727400837027
chr7	33988620	33994636	0.7500628632939773
chr7	34169570	34175587	0.69596420686388
chr7	34513495	34515633	0.8216977651371256
chr7	34515611	34519305	0.5787156882992758
chr7	35092958	35098972	0.8130034505292104
chr7	37298305	37301137	0.78223054576139
chr7	38028380	38029568	0.9027826446876783
chr7	39007528	39013552	0.852041592022843
chr7	43059097	43065116	0.8263059472147527
chr7	43412464	43414978	0.8803120174074133
chr7	43414980	43417052	0.9351285024039073
chr7	46141188	46143118	0.8400594842889921
chr7	48791035	48792362	0.7381265914431172
chr7	50898843	50904874	0.8671520349047193
chr7	51889910	51895941	0.7747243648635821
chr7	53026322	53032336	0.875830185907503
chr7	56584797	56590824	0.7799676574662301
chr7	57942149	57945061	0.8034000043594312
chr7	57945059	57946404	0.86792948848696
chr7	61103207	61104833	0.7520652534337061
chr7	61265631	61266892	0.75
chr7	61266894	61268106	0.9375
chr7	61611863	61613117	1.0
chr7	61613119	61614330	0.7222223281860352
chr7	62040703	62041957	nan
chr7	62041959	62043170	1.0
chr7	62587595	62588937	0.5996210469840714
chr7	62607505	62608526	0.4458193854883999
chr7	62858908	62864926	0.7359829901579251
chr7	62970706	62972167	0.6222118073991518
chr7	63469628	63472504	0.6587217489539433
chr7	68651732	68652784	0.9769147301354789
chr7	76651386	76653380	nan
chr7	79229795	79235811	0.8708412489974071
chr7	79885446	79887054	0.7388985191856451
chr7	81784786	81786089	0.7153231024467661
chr7	83989326	83995342	0.6842660582525298
chr7	84062410	84068436	0.6766212924924199
chr7	84706436	84707579	0.6708921973682347
chr7	85249855	85255879	0.8042127391889909
chr7	85329688	85335739	0.816243656742094
chr7	86039464	86040475	0.5871909944051333
chr7	86340209	86346233	0.7288303235830222
chr7	86457050	86459819	0.4859776374083127
chr7	87039757	87045768	0.6776764705951112
chr7	89461763	89463104	0.5809043228492907
chr7	89788986	89792627	0.6747303647315296
chr7	90522366	90523718	0.6075491823211929
chr7	91583271	91589300	0.6537195137387928
chr7	91903683	91909706	0.7027030390962926
chr7	93584081	93585231	0.7269266101588373
chr7	93586903	93591767	0.838412082827601
chr7	96552196	96558214	0.6681700075591827
chr7	99809200	99815231	0.8052180861040651
chr7	102960151	102962987	0.518427912627673
chr7	103872987	103875437	0.7333020612658286
chr7	103910471	103912015	0.5442400855335547
chr7	104507142	104508618	0.48558787290804434
chr7	104557651	104563706	0.7035006605919287
chr7	108507776	108510190	0.7442461931458195
chr7	110265893	110267058	0.5988758004786119
chr7	110557532	110563563	0.7258111573218351
chr7	111445695	111451725	0.8179926106338757
chr7	113384739	113386083	0.5847332460717076
chr7	113428491	113429988	0.6108426104885145
chr7	113429989	113430992	0.3311058723795806
chr7	113533339	113538585	0.7457472147848981
chr7	113660784	113662120	0.47298099004669103
chr7	113742901	113748900	0.6998669624146739
chr7	114453734	114455032	0.7543364438143644
chr7	115025115	115031115	0.8031389185786247
chr7	115261241	115264211	0.6892432037753926
chr7	116718498	116724489	0.7730703988679903
chr7	118964233	118965616	0.6655327326477393
chr7	119586710	119592736	0.779232561097209
chr7	122238521	122244551	0.766894595164367
chr7	122278916	122284945	0.7622344862230382
chr7	125883745	125884828	0.7590031218220542
chr7	126600934	126602750	0.647983257892636
chr7	127963254	127966211	0.8427824365690562
chr7	130577798	130583509	0.8125074794427996
chr7	133523442	133524848	0.7613244331408701
chr7	133889426	133895455	0.9368181398333496
chr7	136414181	136420210	0.7752560664663021
chr7	136774757	136780783	0.7355926118041841
chr7	136796114	136798641	0.4881688158503624
chr7	136831192	136837216	0.726112533217249
chr7	137118458	137119707	0.5958997798118714
chr7	139794515	139795726	0.8185451539328891
chr7	141032607	141038752	0.7778436287910206
chr7	144691669	144693457	0.6580800021054761
chr7	146013559	146019592	0.7486021261092306
chr7	146132431	146135052	0.5463374809867
chr7	146603424	146605108	0.5623891164245628
chr7	146905785	146911817	0.7707136242737741
chr7	157760932	157762757	nan
chr7_KI270807v1_alt	66780	68605	1.0
chr7_KI270809v1_alt	138221	140215	nan
chr8	773347	779366	nan
chr8	1607578	1613555	1.0
chr8	2317684	2323739	0.6
chr8	2397988	2404043	1.0
chr8	4854407	4860419	0.8941256898645689
chr8	10932426	10938427	0.8879053555915082
chr8	15555982	15562028	0.7679721211849783
chr8	15576323	15582323	0.7014817269506126
chr8	16632694	16633801	0.7818937723768005
chr8	16670120	16674066	0.8928943880910627
chr8	16674057	16675290	0.6094315558164369
chr8	16943969	16949995	0.8478543348019483
chr8	23645194	23651219	0.8913265481779847
chr8	24254558	24258149	0.7650899084957715
chr8	25730344	25736354	0.7786929377700247
chr8	26395613	26401579	0.8839594850737692
chr8	35171473	35177508	0.8751712783443284
chr8	35528046	35534071	0.7659780909906284
chr8	36388574	36394608	0.7219455339589583
chr8	36408119	36414268	0.7347386064500726
chr8	36478479	36479661	0.752347171457891
chr8	36479660	36481425	0.594862009242979
chr8	36484641	36490531	0.6254279155986215
chr8	40432213	40438240	0.8418011704060718
chr8	40647062	40653096	0.8485995115034902
chr8	43307288	43313276	0.6257977038621902
chr8	43391075	43397080	0.6451840412606804
chr8	43922407	43923584	0.945096937801844
chr8	43958704	43961010	1.0
chr8	45965932	45968237	0.9275041845373978
chr8	46601726	46603723	0.7299182964195057
chr8	47095090	47100980	0.6369857075663697
chr8	48793906	48799930	0.8208206250452267
chr8	48943572	48944686	0.4624276963502329
chr8	49000728	49001897	0.7852233806362103
chr8	49001891	49003174	0.6938587339799662
chr8	50088217	50089986	0.5766508818886964
chr8	50165838	50167285	0.5387950978282409
chr8	55708132	55709863	0.6968370879887846
chr8	58914691	58920717	0.7810006270248788
chr8	59869800	59875822	0.6414682475931135
chr8	60994770	60996172	0.7214204589072376
chr8	61268016	61274014	0.7369323255472662
chr8	63484307	63490336	0.7726262399244317
chr8	63797385	63803439	0.6906796757470933
chr8	65120645	65126660	0.8178887362123458
chr8	66949104	66955119	0.9049793807781675
chr8	68362479	68367911	0.6231470325624293
chr8	69254220	69260249	0.7128712828973175
chr8	71406361	71412376	0.7180888447031971
chr8	72147448	72153464	0.7207492808581527
chr8	72479441	72485463	0.7278361682557696
chr8	73862444	73863590	0.8152116073155694
chr8	74866520	74872545	0.7205851655972156
chr8	74942653	74948678	0.6967192813664547
chr8	75444001	75448442	0.67243951728177
chr8	76308117	76314119	0.7884053721681351
chr8	77088412	77094444	0.8022589348355402
chr8	77940514	77946526	0.809315781006955
chr8	80665966	80666998	0.7886773906936941
chr8	81768217	81774242	0.8447322400342752
chr8	83439248	83441361	0.555417432979109
chr8	83447143	83453169	0.7164302425272948
chr8	83532970	83534302	0.6915708915428357
chr8	84419546	84425573	0.6598852986888779
chr8	84464143	84470166	0.6158273635503562
chr8	87321804	87327829	0.6442717661798247
chr8	87421274	87424639	0.5178568134690464
chr8	87424653	87426343	0.7237227128102229
chr8	87624831	87630833	0.6591350165858829
chr8	88148849	88154880	0.6719628133656789
chr8	88251170	88252252	0.39280064610588794
chr8	89389762	89392124	0.4952348043840886
chr8	89535241	89541269	0.5986188179365277
chr8	89552311	89558068	0.5775357019741832
chr8	91558669	91564687	0.5071552499559692
chr8	91869519	91875534	0.5956911621149242
chr8	92364193	92370208	0.7695682347072753
chr8	93405813	93411825	0.8190345645387095
chr8	95368341	95370019	0.61598368953465
chr8	95371359	95375735	0.8280387542038556
chr8	95552233	95558265	0.6761966241710143
chr8	96116678	96122696	0.7840441950836388
chr8	96556409	96557788	0.6878583459771138
chr8	97295604	97301657	0.7474504333973812
chr8	98260276	98266293	0.7325943464339939
chr8	98307133	98308365	0.6875266290039985
chr8	98614446	98620471	0.6012612880734954
chr8	99293042	99294541	0.5972144294771216
chr8	99425911	99427476	0.466915294537529
chr8	99691566	99695711	0.6228599023473852
chr8	101678070	101684093	0.6565605776463952
chr8	101891501	101897529	0.7643383404041432
chr8	103602997	103609018	0.7926568948122833
chr8	103783270	103789263	0.7443235562540348
chr8	106487430	106489303	0.8274873983904568
chr8	110952165	110957638	0.8057645901277997
chr8	112594006	112600030	0.8632267197489658
chr8	113609562	113610664	0.6160038237995764
chr8	113610658	113613130	0.8438570184606901
chr8	113779504	113780606	0.5888968020298952
chr8	113906315	113911343	0.6853742102426296
chr8	114000280	114006307	0.7118882147336612
chr8	114042216	114046456	0.6686059244398801
chr8	114177225	114178776	0.5274443221353546
chr8	114504031	114510051	0.7235527362271741
chr8	114631286	114637315	0.6925514078920377
chr8	118215466	118216513	0.7152623754517738
chr8	119159399	119165410	0.6485695223744034
chr8	120348978	120354404	0.6968018788387096
chr8	120644162	120650187	0.7310552871474587
chr8	121508019	121509226	0.5897154886068741
chr8	122244419	122250436	0.7629876249697645
chr8	122326671	122332092	0.7839253886013502
chr8	123859987	123866007	0.9181572911726846
chr8	126313242	126319040	0.7531870218191954
chr8	126799618	126805646	0.7920013846212772
chr8	126980502	126986031	0.7722595109821422
chr8	127318660	127320872	0.6863918966777071
chr8	127379835	127382140	0.5949081170315645
chr8	128707442	128712490	0.9761904648372104
chr8	128714352	128720388	0.9792216617223908
chr8	128891489	128897521	nan
chr8	129152125	129158150	0.7232848492814749
chr8	131770950	131776926	0.7488569565880993
chr8	135259102	135265130	0.8600159405475621
chr8	136190202	136196222	0.7962649557034712
chr8	136917414	136918544	0.7188004509537621
chr8	137558585	137564612	0.8100553510575542
chr8	138116166	138122224	0.7101451305026227
chr8_KI270810v1_alt	152720	157766	0.6548549910301237
chr8_KI270810v1_alt	159628	165649	0.5775273427634959
chr8_KI270810v1_alt	340164	346196	nan
chr8_KI270818v1_alt	54938	60957	nan
chr8_KI270821v1_alt	498946	504997	nan
chr8_KI270900v1_alt	217308	223284	1.0
chr8_KI270926v1_alt	20774	26750	1.0
chr9	1223882	1229900	0.7373323361415648
chr9	5685089	5686789	0.5552135311505374
chr9	5962146	5965069	0.6984331167186396
chr9	6135848	6141850	0.7099263748102528
chr9	10431225	10432449	0.7299161319639168
chr9	11803219	11804309	0.6214761384036562
chr9	12476856	12478753	0.6388463044110008
chr9	13037884	13043909	0.8507940784034888
chr9	14663996	14670015	0.7845786416073767
chr9	15326297	15327352	0.6182966942470786
chr9	16066461	16067950	0.605016600813459
chr9	17285004	17291034	0.6951187921122458
chr9	17685864	17686951	0.498598741794137
chr9	17923042	17924474	0.5602836578085436
chr9	17924473	17925867	0.5299703628893733
chr9	19536201	19542230	0.7156327682394747
chr9	20766828	20768617	0.6571845861038328
chr9	21536698	21541948	0.6910364429638224
chr9	22348830	22354859	0.7452100669987701
chr9	24093584	24094924	0.5714708756155042
chr9	24574537	24580564	0.7078052771087439
chr9	26962927	26964619	0.7880215058653631
chr9	27690520	27696535	0.8007958774735942
chr9	28348135	28354162	0.7264578104790554
chr9	28553074	28558157	0.7598697958929386
chr9	31294066	31300087	0.7111207455065021
chr9	32710380	32716388	0.6886186927213972
chr9	32729017	32735047	0.7003358956494339
chr9	34872219	34874316	0.5937444341427153
chr9	40466312	40467354	1.0
chr9	40873601	40875654	0.9350491608867283
chr9	40875959	40879920	0.8114438114836869
chr9	43077528	43078611	1.0
chr9	43094663	43095708	0.6710526315789473
chr9	43095705	43097177	0.8704663173831189
chr9	63157612	63158653	nan
chr9	63301850	63302892	1.0
chr9	64062092	64064368	0.7310346671142559
chr9	64090748	64092746	0.7464970476509271
chr9	64606390	64607434	1.0
chr9	64607431	64608833	1.0
chr9	65061994	65068014	0.903688485936338
chr9	65907494	65908966	nan
chr9	65908963	65910007	nan
chr9	69477111	69483129	0.62940493740718
chr9	69506052	69512070	0.6209822066224822
chr9	70199057	70205081	0.786464573202393
chr9	74424275	74430304	0.8404559265185122
chr9	76278923	76279989	0.7705361088825211
chr9	76670039	76676075	0.905615464867045
chr9	77372417	77373879	0.6923810769529903
chr9	78874537	78878680	0.7880448715656723
chr9	79082048	79083460	0.6111820988547025
chr9	79097852	79103879	0.7404071869366644
chr9	80654117	80660135	0.7105371715242818
chr9	80741663	80747689	0.7345268646526527
chr9	82769370	82775374	0.7347984110406204
chr9	83222906	83228949	0.7968222256082288
chr9	85164971	85166057	0.6615708806512545
chr9	85811274	85812377	0.6356257528796158
chr9	86157089	86163107	0.7756856170848867
chr9	86606054	86612054	0.7818256668746472
chr9	89161595	89163757	0.7808265887755259
chr9	94089083	94095103	0.5910003881171807
chr9	97580994	97587031	0.8988903099996514
chr9	99498742	99504759	0.9196054762393331
chr9	100527229	100533251	0.7459202444472213
chr9	100690714	100696740	0.7200350799643238
chr9	101102145	101108174	nan
chr9	104062476	104063756	0.7037031812593341
chr9	105576168	105582192	0.6581789001228882
chr9	105777061	105783078	0.6478515554995026
chr9	106181589	106187641	0.7047368579754427
chr9	108503081	108507115	0.7732668517353454
chr9	115308781	115310735	0.7609888881963498
chr9	117066018	117072036	0.8859353017749636
chr9	119169117	119175132	0.8156155307818951
chr9	119621305	119627350	0.8310912261999787
chr9	120055236	120061264	0.7940273719389231
chr9	123903371	123909365	0.9609200372852064
chr9	134865773	134867650	0.9014809243400871
chr9_KI270719v1_random	136968	138375	0.43137254901960786
chr9_KI270823v1_alt	153348	159377	nan
chrUn_GL000219v1	34101	40135	0.7532672784766373
chrUn_KI270435v1	3191	8432	1.0
chrUn_KI270538v1	65900	71924	0.9975673534192402
chrUn_KI270742v1	95141	101292	1.0
chrUn_KI270746v1	26543	28070	1.0
chrX	1703772	1709786	nan
chrX	3966673	3968686	0.9172894710696164
chrX	5107381	5109190	0.8585920567140848
chrX	5480457	5486466	0.9381377982396826
chrX	6584015	6588885	0.8511285419382426
chrX	6933212	6938641	0.8597893281152088
chrX	11218889	11220280	0.5712762497295844
chrX	17319140	17320740	0.526609604805708
chrX	17342484	17348512	0.7402984178882701
chrX	18105519	18110908	0.75728670528546
chrX	19142669	19148700	0.7818572492383599
chrX	19779427	19780831	0.7437910267345587
chrX	19940254	19946296	0.8618227900435932
chrX	20416359	20417680	0.6884810570782554
chrX	27108988	27110418	0.6388574203411183
chrX	28206792	28212789	0.7624558067453386
chrX	32243956	32246821	0.7709649553350687
chrX	34249186	34253913	0.8364823552501461
chrX	35314822	35317180	0.7018555778122455
chrX	36465195	36471217	0.7849772856952935
chrX	42424861	42430890	0.7627135617754314
chrX	42888371	42894396	0.7139008728219717
chrX	47783672	47789697	0.6863896666398029
chrX	50060144	50066175	0.6537988321972099
chrX	51110794	51113142	0.4624129612462078
chrX	52020448	52026584	0.7253869908632324
chrX	52222106	52228125	0.6297250533197029
chrX	52858742	52859850	0.7343798716038142
chrX	53698291	53699788	0.7130150855901485
chrX	54764260	54765585	0.5841606718189312
chrX	54765706	54770404	0.6293800183436676
chrX	57629389	57635409	0.694606414006596
chrX	58133241	58135798	0.4818436557373872
chrX	62570285	62571943	0.7165388361392464
chrX	63597196	63603223	0.5412156777000554
chrX	64296583	64302591	0.47893580484802967
chrX	64515422	64517548	0.4416209397204956
chrX	65188803	65192292	0.5909136429185613
chrX	65614681	65620735	0.6396853731489037
chrX	65833698	65835485	0.5532524675114167
chrX	65835483	65836695	0.6326534694472555
chrX	66066178	66067733	0.46180008427506475
chrX	66229775	66232338	0.49580465565888715
chrX	66559907	66561597	0.5253331580105618
chrX	66713547	66715709	0.48681987436086793
chrX	66924857	66930874	0.5715333865056189
chrX	67060007	67066134	0.7458351544071532
chrX	67311894	67313143	0.42533269889646763
chrX	68216916	68222939	0.6817043163383322
chrX	69448372	69454392	0.6908056878711324
chrX	69983879	69987287	0.5358893910226972
chrX	73009295	73010932	0.5088448676308555
chrX	73010932	73012006	0.5755972628597885
chrX	73291021	73292175	0.4824355290605456
chrX	73598331	73600790	0.5382468965466597
chrX	73887140	73891302	0.6607717053928036
chrX	74788953	74795000	0.54501398921762
chrX	75510581	75511661	0.3401677838354199
chrX	75511662	75513243	0.311748866903714
chrX	75555160	75561178	0.6092789418160935
chrX	75677002	75678032	0.46387361264923244
chrX	76003094	76005235	0.34139834423034005
chrX	76005217	76007849	0.6642414155702098
chrX	76057267	76058352	0.4610270302691218
chrX	76058352	76059363	0.6770197054634698
chrX	76267406	76273429	0.5361177883557969
chrX	76373545	76378580	0.5058228686344044
chrX	76577829	76583982	0.6574262920419343
chrX	76720032	76726045	0.6370887508876993
chrX	78229779	78230830	0.46492958675669444
chrX	78403055	78404154	0.3868167745839259
chrX	78409863	78414779	0.557777743310682
chrX	79086024	79087110	0.5523911231569603
chrX	79765606	79771625	0.6202627772927627
chrX	79926800	79932829	0.6343359029761533
chrX	81975865	81976954	0.44162797708922946
chrX	82856480	82859238	0.48654317511671086
chrX	83839861	83844072	0.6080489424735174
chrX	86560505	86561913	0.5247475705532865
chrX	86969632	86975651	0.7774964302139517
chrX	87116307	87122337	0.7385416377836199
chrX	87530272	87531457	0.38705555117582974
chrX	88033196	88036642	0.6760107974326687
chrX	88207886	88213919	0.8063421211846528
chrX	93939742	93945900	0.859457336473721
chrX	96076642	96080217	0.757281312625725
chrX	98424326	98430357	0.6911799466999347
chrX	98687495	98693514	0.6923932719117868
chrX	100134938	100140964	0.7117747597191131
chrX	100165180	100166624	0.5095584464370378
chrX	100167134	100169237	0.545407089884373
chrX	100550263	100555448	0.8057275774163933
chrX	102586602	102588081	0.4487545981126673
chrX	102616306	102617732	0.5149740330132997
chrX	102810965	102812023	0.4810707466307119
chrX	103891507	103897537	0.5601170059064925
chrX	104026872	104032902	0.6265061535744327
chrX	104519297	104520323	0.596682084756985
chrX	104672100	104678122	0.7010576036118147
chrX	104904302	104910378	0.6966393681684412
chrX	106079654	106081505	0.5040589454108351
chrX	106754560	106757745	0.730888293994652
chrX	107155768	107161785	0.7558459976002717
chrX	107364337	107370349	0.730232831393148
chrX	109054591	109058794	0.4790792665381163
chrX	109113308	109119363	0.6417342857719944
chrX	109174773	109176163	0.6102561647514645
chrX	109176164	109177547	0.6799813571910623
chrX	110816765	110822773	0.7459913640906496
chrX	111588705	111594727	0.755022324004485
chrX	111639582	111641094	0.5573757415410703
chrX	112718610	112724627	0.7040471364582674
chrX	113337823	113343853	0.7705358540730372
chrX	114720517	114726531	0.7208973747434353
chrX	114830698	114836732	0.7925717201564783
chrX	116941313	116947286	0.7024035326963132
chrX	116964807	116970835	0.6817171845557916
chrX	117727934	117733746	0.5695175328083639
chrX	117873997	117880023	0.5223537348470457
chrX	118400671	118401899	0.5370327784203551
chrX	119805481	119806496	0.6314179726422127
chrX	121695488	121697899	0.5719410541244485
chrX	121826788	121828571	0.5285219173048964
chrX	125043047	125044177	0.6087155748257594
chrX	126287592	126288733	0.46490023981887557
chrX	126913933	126915964	0.5646237682263174
chrX	127116698	127122729	0.6410037683642063
chrX	127800866	127803832	0.5485419624573623
chrX	130958932	130964957	0.5900922050218859
chrX	131152273	131158295	0.6277249418830048
chrX	131245545	131251574	0.5667834923148333
chrX	131503358	131505329	0.5124858145118667
chrX	131578681	131584735	0.5855870704407499
chrX	131663953	131669984	0.6025652998294905
chrX	132156146	132162158	0.661011317235505
chrX	136332005	136333069	0.604537699399586
chrX	136440269	136446301	0.835910998047663
chrX	139067780	139068838	0.7016598202555752
chrX	141824485	141825730	0.5456482483201237
chrX	142338124	142344150	0.6969443802148798
chrX	143990217	143991261	0.7030856476889716
chrX	146902129	146904773	0.6967213628827714
chrX	147220785	147222586	0.655200111607854
chrX	147222584	147224188	0.7832067292230087
chrX	147408812	147410975	0.7081321528740318
chrX	147410976	147412677	0.6766962057558807
chrX	150131408	150133104	0.594239564507075
chrX	150133100	150134814	0.7456119646825757
chrX	150417927	150421451	0.9059478436743631
chrX	152235998	152242028	0.67696183610516
chrX	152416027	152418062	0.6302044730807406
chrX	152544526	152550550	0.7146365162267153
chrX	155299576	155305601	0.6213495721460872
chrY	1703772	1709786	nan
chrY	7154112	7160133	0.6576857237923959
chrY	7249560	7255513	0.7750099751555407
chrY	8134319	8140335	0.8426315141841769
chrY	9134178	9135338	0.6453335510759518
chrY	9194357	9195435	0.938692845693639
chrY	9195432	9196774	0.7361407584653704
chrY	10220245	10221760	0.6128901681884287
chrY	11423887	11426993	0.9468882795464049
chrY	11988613	11994466	0.8178185219339442
chrY	13179086	13185115	0.6545537214291829
chrY	13559273	13565292	0.6437150314261451
chrY	13770704	13776733	0.661588428645376
chrY	13951828	13958005	0.760761927495137
chrY	14012532	14018535	0.5776515223763206
chrY	14024194	14030198	0.48762787179722267
chrY	14544780	14547056	0.7238031773323728
chrY	14672555	14674194	0.6370784177730693
chrY	14911383	14915985	0.7151075825516113
chrY	15885447	15891462	0.8154860115507099
chrY	16912865	16918205	0.6900524706876233
chrY	17060921	17066963	0.702038078681399
chrY	17097788	17099695	0.6425296316205611
chrY	17539931	17540959	nan
chrY	18365053	18366081	nan
chrY	19008349	19009530	0.7981478534544251
chrY	19373284	19379312	0.731562243882622
chrY	20367993	20374018	0.6599475179965071
chrY	20914304	20917340	0.6928836852508414
chrY	20944134	20950163	0.6850299245090424
chrY	21005917	21011937	0.7288950523664784
chrY	21063742	21069758	0.7262108042994713
chrY	22339613	22345645	0.7686348397887512
chrY	22854946	22860960	1.0
chrY	23144668	23150705	nan
chrY	23258084	23264121	nan
chrY	23441097	23443304	nan
chrY	23910322	23911776	nan
chrY	24294422	24300439	nan
chrY	24488694	24494708	1.0
chrY	24776007	24782046	0.9936774688608506
chrY	24876138	24882178	1.0
chrY	25175397	25181411	0.8333333333333334
chrY	25369703	25375721	nan
chrY	25448032	25449359	nan
chrY	25758330	25759784	nan
chrY	26227312	26229519	nan
chrY	56887142	56890351	0.7220597398288073
